-2.367752525418333198e-01,-2.197613824345836520e-01,-2.222340381663328590e-01,-2.266420809743496800e-01,-2.192176443488426940e-01,-2.118422157030574737e-01,-2.172628558851483760e-01,-2.128212795397066981e-01,-2.234055172791343802e-01,-2.111013079837918138e-01,-2.281423662121373208e-01,-2.333918217440172915e-01,-2.048982293502678020e-01,-2.028563821253017430e-01,-2.098440582531171938e-01,-2.108418941474684838e-01,-2.139026865785122744e-01,-2.031983483949182934e-01,-2.334044734426436452e-01,-2.082741454714269191e-01,-2.119001342808548294e-01,-2.100512380710295168e-01,-2.083558068583174494e-01,-2.174197685035947070e-01,-2.198742439721771413e-01,-2.259825935377123285e-01,-2.273191781826565394e-01,-2.081662559567923065e-01,-2.034842833100109494e-01,-2.129717241371513747e-01,-2.139478650492814549e-01,-2.093450124810066204e-01,-2.158041304987117215e-01,-2.076860115519467143e-01,-2.239821440036001143e-01,-2.122640846630154399e-01,-2.089135939195280178e-01,-2.177675993399221244e-01,-2.160213243181228482e-01,-2.165150916700882555e-01,-2.099226464284449090e-01,-2.276075911464809087e-01,-2.079492965243202041e-01,-2.085193417632764668e-01,-2.316916417814364471e-01,-2.083561848783400394e-01,-2.296446271479352652e-01,-2.361123491114941186e-01,-2.128196228285415825e-01,-2.088614560549610644e-01,-2.255194945726477218e-01,-2.163332564293403704e-01,-2.186036519941736700e-01,-2.085321711666822952e-01,-2.079860871739735162e-01,-2.254818826844861013e-01,-2.259821434665245932e-01,-2.217795696011187201e-01,-2.277764582309108887e-01,-2.293940489788858783e-01,-2.178748023226528274e-01,-2.164866195223790757e-01,-2.050055860373500849e-01,-2.436548084598680053e-01,-2.119760408500747373e-01,-2.294862408009889498e-01,-1.943247257890342583e-01,-2.395111366576220535e-01,-2.277896456668979941e-01,-2.231513152084464158e-01,-1.981218927772116223e-01,-2.024506679926098007e-01,-2.215112211404865195e-01,-2.339903791250347309e-01,-2.107670482762118713e-01,-2.027475981069600530e-01,-2.178183542924003457e-01,-2.309186060999895151e-01,-2.016796085858686971e-01,-2.325503208316730686e-01,-2.192709429354486317e-01,-2.246937279259156872e-01,-2.367302287376957803e-01,-2.197898211290486292e-01,-2.208553706817450168e-01,-2.117621416799874146e-01,-2.221869386608580910e-01,-2.172712711037301514e-01,-2.203362384294964560e-01,-2.192509778360211270e-01,-2.169259670350240088e-01,-2.233866855893438252e-01,-2.127395735738850935e-01,-2.086192023243221838e-01,-2.470670912904304461e-01,-2.165952454948327499e-01,-2.189218283047896230e-01,-2.218687871954683477e-01,-2.280627068138427194e-01,-2.187050038469652291e-01,-2.150896949583883666e-01,-2.230281981339381769e-01,-2.132702060562417234e-01,-2.237624632685139003e-01,-2.257424670581717752e-01,-2.135375032568748721e-01,-2.184710472461048048e-01,-2.094407387754295413e-01,-2.224054206964283242e-01,-2.196782462842048200e-01,-2.296587091818049764e-01,-2.019325727350177180e-01,-2.102294370679014812e-01,-2.220011161862837645e-01,-2.185001463980369152e-01,-2.495574336405022020e-01,-2.334874070845626426e-01,-2.010068679524981139e-01,-2.349031646286241781e-01,-2.174798858151984760e-01,-2.288896056625223940e-01,-2.442251374531380914e-01,-2.242310733957850744e-01,-2.173734458441881068e-01,-2.331003102052454923e-01,-2.197306654546877236e-01,-2.172605345186898740e-01,-2.166176022469491202e-01,-2.138688855608761041e-01,-2.203594359937220692e-01,-2.171849193469425066e-01,-2.281681428968492242e-01,-2.009823674035386143e-01,-2.158595576159331453e-01,-2.086570987782370157e-01,-2.102565566454723811e-01,-2.252893309503383179e-01,-2.104649588897943568e-01,-1.994856926629390292e-01,-2.311922140108328694e-01,-2.185580354483886989e-01,-2.094781285840484064e-01,-2.197645380497799950e-01,-2.156578673821688275e-01,-2.207038407842679961e-01,-2.108700959404919972e-01,-2.257940682610903305e-01,-2.099261576384992001e-01,-2.213857683528045184e-01,-2.165332961182139804e-01,-2.276396945787505510e-01,-2.173293437509477288e-01,-2.202231909613564798e-01,-2.156931118091379163e-01,-2.197412832508895963e-01,-2.137610194406528719e-01,-2.389592424698256667e-01,-2.088329288733026257e-01,-2.154319419943979685e-01,-2.316736462918732309e-01,-2.188281407468607720e-01,-2.044352415618884422e-01,-2.254843884929026987e-01,-2.196860804186792915e-01,-2.285763989534009832e-01,-2.257774534371994046e-01,-1.980786177328849040e-01,-2.278870496953842861e-01,-2.087567819921862244e-01,-2.006267753980819912e-01,-2.193883906623158853e-01,-1.989683532424453283e-01,-2.123963038917694168e-01,-2.173862301327694202e-01,-2.273840484655201832e-01,-2.191957884118856947e-01,-2.282495606684503131e-01,-2.137111291524561862e-01,-1.951929713857073201e-01,-2.109545996909755194e-01,-2.346354041096984921e-01,-2.180339991657163357e-01,-2.513933163331664167e-01,-2.249116115168965091e-01,-2.401948639709565736e-01,-2.006623103432211563e-01,-2.142029671159745019e-01,-2.331151234113099657e-01,-2.044540573394783289e-01,-2.137296500355084228e-01,-2.186908574690860085e-01,-2.105192537950669740e-01,-2.152257714027491498e-01,-2.061623517059073263e-01,-2.165294390905354305e-01,-2.185208036310353763e-01,-2.155601126384157629e-01,-2.265898107517880788e-01,-2.211869377906147682e-01,-2.109277571237964666e-01,-2.363392029503043890e-01,-2.200661317250822979e-01,-2.125041996124975852e-01,-2.226237498919466373e-01,-2.009626242207689928e-01,-2.251884897518328932e-01,-2.132902262557565820e-01,-2.132523375162271584e-01,-2.115387602874438389e-01,-2.137855949528868482e-01,-2.245524474469162979e-01,-2.056070347929682407e-01,-2.194585261430103962e-01,-2.060363927194888978e-01,-2.092145233325306553e-01,-2.218765400332153581e-01,-2.413613054200804964e-01,-2.065691139527760234e-01,-2.180170738822835297e-01,-2.002824770906576624e-01,-2.171776495699308251e-01,-1.950824273041812940e-01,-2.172357333896819398e-01,-2.030869350748004953e-01,-2.255055893574179349e-01,-2.175914595943551633e-01,-2.400753929798510322e-01,-2.176026383079971982e-01,-2.215925335361265958e-01,-2.323458171689652685e-01,-2.371719918939368676e-01,-2.149482352105878680e-01,-2.325606501494153766e-01,-2.245486025201010039e-01,-2.179246097467503473e-01,-2.095471532771547296e-01,-2.074667256152603612e-01,-2.186912370979630371e-01,-2.172047929214846185e-01,-2.266648899815532636e-01,-2.138171465315807651e-01,-2.219910250455915668e-01,-2.189050935818158128e-01,-2.130776870295781611e-01,-2.194737628079097558e-01,-2.096016193536230920e-01,-2.132212489356369589e-01,-2.101816362407112060e-01,-2.294348898330817454e-01,-2.105678618097219235e-01
2.984516046921976695e-01,1.894163410793757440e-01,2.819697422865269365e-01,2.574785550917337851e-01,5.081142767616197986e-01,3.032998083800334532e-01,6.246424401473196220e-01,2.193369244016231956e-01,2.890920446770122165e-01,3.366113794626064415e-01,2.316669726832764897e-01,3.518245268901433742e-01,2.715055285613605096e-01,2.381089742072955429e-01,1.763165506565175511e-01,2.823656278761264016e-01,3.156108749056660279e-01,4.690849637691856255e-01,2.202410598346181969e-01,1.794348803741965537e-01,1.967220765183473885e-01,2.020705491372798979e-01,2.104914082027851130e-01,2.418184296633280883e-01,3.343539130797511527e-01,3.482197804734025182e-01,3.909880739152188367e-01,2.472353740686649703e-01,4.818801668128553928e-01,4.466741233047347714e-01,4.870364629231697107e-01,3.325996643632161964e-01,3.628345315741112742e-01,1.191476970036899341e-01,3.044749613177613612e-01,3.213016187586618111e-01,2.427042687389746045e-01,2.648943967916348452e-01,3.547248630825232674e-01,3.536114011359244858e-01,3.046559512077972043e-01,1.942924017104138978e-01,2.986098418271762034e-01,2.535799435657433154e-01,2.929462689466283409e-01,2.773320520340319395e-01,3.212790212957072900e-01,2.623948266979306831e-01,2.597557855869253030e-01,2.896004339065598732e-01,2.001746511021833264e-01,3.017467383857495022e-01,4.011498566242719388e-01,2.190939306518894791e-01,3.299417277930347669e-01,1.607173180597191164e-01,1.452411298535724871e-01,3.331642238067423212e-01,2.469642065282219578e-01,2.765934911188402956e-01,3.760399175829557961e-01,3.185106410995647286e-01,2.238136964940107276e-01,2.537592641635156299e-01,3.171451534507926939e-01,2.553620792070953049e-01,3.011186151694217883e-01,2.965391514579003851e-01,2.494444982891085849e-01,2.905643344320360533e-01,1.407959418838372889e-01,3.122220733395350556e-01,2.887360648320060896e-01,1.125610829203498586e-01,2.967406003117065150e-01,1.511256073087961505e-01,4.594093047901187665e-01,2.402920918497867542e-01,2.877995973670022245e-01,3.479684451086341168e-01,2.555124106945335094e-01,3.253110811542712089e-01,1.409191484999980648e-01,2.383261120329769056e-01,2.000169394078413487e-01,1.779863599876738145e-01,4.189069187973237796e-01,4.111603564077611628e-01,2.505994911246068324e-01,2.176457512870588196e-01,4.812008046711834797e-01,3.043631302222693513e-01,3.473295629178944632e-01,1.656717800726950351e-01,2.403012818689808094e-01,1.647889041361669249e-01,3.260798435248675742e-01,3.223143591127161089e-01,2.858121152387448349e-01,3.197988125871623621e-01,3.110817801014671979e-01,5.129288867335327629e-01,2.717889200522388693e-01,2.790579062227865892e-01,2.211282437071413476e-01,2.846180201413904820e-01,2.551565474141856416e-01,2.918917349389548166e-01,1.888038038931679208e-01,2.616096517021245238e-01,4.211136987567921097e-01,3.240861684284450095e-01,1.476884226940331779e-01,3.003563277085783967e-01,3.778571595860160670e-01,2.477086998936961215e-01,1.915718601444073577e-01,2.014822628116944014e-01,1.781820470946778590e-01,1.751577491268924702e-01,3.244012921957121764e-01,2.734982261540386816e-01,2.526895858708377296e-01,4.048004698255434075e-01,3.058023606797026783e-01,3.825182567494869179e-01,1.787989557159830878e-01,3.208311772326501998e-01,3.718692789221542672e-01,2.848141838859330477e-01,1.938047833459998759e-01,1.949654657101244637e-01,2.343719133950341316e-01,2.113209316466586329e-01,3.142019889682869382e-01,2.683456266538255530e-01,3.416181238517086993e-01,3.890337290250089342e-01,2.204787327356704241e-01,1.470451228598528559e-01,3.608091836812013509e-01,1.808707977428212765e-01,1.981966503163069826e-01,2.628400242724875935e-01,5.202171531696143658e-01,1.768793928357335066e-01,2.315378858232390313e-01,3.319240596814855282e-01,4.063623214905220382e-01,3.225503395134235451e-01,2.129907133530064001e-01,2.501837640504008253e-01,4.239520239709930749e-01,2.234378712999294248e-01,3.146886170385854165e-01,2.303606741991215956e-01,2.332694365021667493e-01,3.728138411593528989e-01,3.554262157513877751e-01,3.201953595105406780e-01,2.170896180383232732e-01,2.875244695682380169e-01,2.014580520738059044e-01,2.018803295476173099e-01,2.861922928383638931e-01,2.141562361556569594e-01,2.578849155417823891e-01,2.907640769448245344e-01,2.518828912529642583e-01,2.110680550826018742e-01,2.648242944814832023e-01,1.959967100250204486e-01,1.405513114012756082e-01,4.191203221720981587e-01,3.118396162281867889e-01,2.090167987844575304e-01,2.239734828023807189e-01,2.416903893409362847e-01,4.583340586191594901e-01,2.206889181096566011e-01,2.082460336192312189e-01,2.936407580699947895e-01,2.264147929802989567e-01,1.557909485271305461e-01,2.993843887669450643e-01,2.458603603675576510e-01,2.166861586509646609e-01,3.828285464473740185e-01,2.760876271336762944e-01,1.002524607640363496e-01,1.644073619435208466e-01,2.774286658756554003e-01,4.513466950883305850e-01,2.522363071677623525e-01,3.291681922045713860e-01,3.219037442388559267e-01,3.741415504607547016e-01,2.309432261704627565e-01,2.806053735875462252e-01,3.119827223168765706e-01,2.737062003507729768e-01,2.048452912416171556e-01,3.212345588665321827e-01,2.500795533812091298e-01,2.420998657629956641e-01,2.945620703176085042e-01,2.904162347097399288e-01,3.166921875289020472e-01,2.694417521361058832e-01,3.287788425877011811e-01,2.735758997132855530e-01,3.494409518534994930e-01,2.170957202389654783e-01,3.314945761255326806e-01,2.215719282208262753e-01,2.374738403002943365e-01,2.197836057406957200e-01,1.792761339443316448e-01,2.167920186677612659e-01,1.828330844725271076e-01,3.291398673880342463e-01,1.829374012766364910e-01,3.495581081769647547e-01,6.658777581994494987e-01,2.403192012940989220e-01,2.681610910175663554e-01,1.943451105334494111e-01,3.577944509618273261e-01,2.198146674135889600e-01,1.676581718650085873e-01,3.056498036996241896e-01,2.193982765145893465e-01,2.507330037108148058e-01,3.286990741800597804e-01,2.248106033074591670e-01,2.721265443984063892e-01,3.642439561769069689e-01,3.240672223559978304e-01,1.154127676139750092e-01,3.543772246564128037e-01,2.711243547278789912e-01,2.657410056882992255e-01,3.070804449835844996e-01,2.454016543248259685e-01,2.292037238922796649e-01,2.997350745569378749e-01,1.948986905952345694e-01,3.536276537358738481e-01,2.879497035064452204e-01,4.400717670213032395e-01
4.783955057365567882e+03,8.070103833340923302e+03,4.989473350854449563e+03,3.094657646306973220e+03,4.346194705899437395e+03,3.696577576037832841e+03,3.049343370811237037e+03,3.541064461363547707e+03,6.509682780529235970e+03,4.572514081220080698e+03,5.959955458443867428e+03,4.576837919397003134e+03,4.292935094327618572e+03,7.715761761980117626e+03,7.370528740883191858e+03,5.970686914417196931e+03,3.066681823048906153e+03,2.478046481627526191e+03,5.314417933536487908e+03,7.495379547775322862e+03,7.589739111029633023e+03,3.957304708087104245e+03,7.367213899473091260e+03,5.965944890444661723e+03,5.521907491142363142e+03,5.366118911775313791e+03,2.748766403543373144e+03,6.023406593515021086e+03,2.270896630396472119e+03,3.421320560747753916e+03,3.655836087534168200e+03,6.179556533532790127e+03,3.915307213494185817e+03,6.713262074606603164e+03,5.784484905433987478e+03,4.028412517798099543e+03,6.900555933552712304e+03,5.237190980492126073e+03,5.505854821206527959e+03,3.353001771545099473e+03,4.031749673522115700e+03,6.252179471025445309e+03,4.479275017602613843e+03,4.638607893386897558e+03,3.775428660963810216e+03,4.617122973544586785e+03,3.375958369630500783e+03,6.566708880137329288e+03,4.120685243257570619e+03,8.879403267156603761e+03,6.466231137000303534e+03,4.304798638190567544e+03,2.767356942396243085e+03,7.997148688054380727e+03,4.291176629048332870e+03,7.760908800828703534e+03,6.144523751197036290e+03,3.955206291289819092e+03,6.512600226049104094e+03,6.254709364881142392e+03,2.534736692487913388e+03,5.209156561911430799e+03,3.631311748005027312e+03,6.398124184285470619e+03,4.707466199046868496e+03,4.639259185984888973e+03,4.240531023784403260e+03,5.809895258709459995e+03,6.944449655889222413e+03,3.537311153261181516e+03,6.945845614464312348e+03,4.687315661676513628e+03,6.198955903683669021e+03,5.535603636285991342e+03,4.474324924809687218e+03,4.920787322952556679e+03,3.583714920522413649e+03,6.369068446743410277e+03,5.691130191280387407e+03,6.380488135895661799e+03,4.320095406335658481e+03,4.596636895718586857e+03,5.054063855641047667e+03,5.737426366459188102e+03,3.751785355490910661e+03,7.171984643562514975e+03,1.900737451812015024e+03,5.415805877782988318e+03,7.200880517105234503e+03,7.559460187526598020e+03,2.792397733007697298e+03,3.946009057710254638e+03,3.886611219990916652e+03,4.535445854759735084e+03,6.095793626103441056e+03,6.251089626351676998e+03,4.568114454951120933e+03,3.167352528025501215e+03,3.869517720629822634e+03,3.366097409075707219e+03,5.712998330439379060e+03,2.018506047094683254e+03,5.345077820239261200e+03,4.894860283228838853e+03,6.670875314053030706e+03,4.764037607159923937e+03,5.049847304777021236e+03,3.658689573441975881e+03,9.393679540077824640e+03,4.600144406589743994e+03,9.431978842966587990e+02,3.141708351445307926e+03,6.480478497663691996e+03,5.698489462648070912e+03,2.645739364360755644e+03,8.614604380762013534e+03,8.291159632491071534e+03,6.426971895358847178e+03,8.359679282851848257e+03,4.162416411577171857e+03,6.860597845616987797e+03,3.132248321363687865e+03,6.790173521686223467e+03,1.664218077391342831e+03,3.981983481615642631e+03,4.455460145946798548e+03,9.029711482661232367e+03,3.019227173492115980e+03,4.415375098159358458e+03,4.867695846575217729e+03,6.912152801134845504e+03,6.321779898848028097e+03,4.187331264542458484e+03,8.413104912433884238e+03,6.801537336541925470e+03,2.670780756688058318e+03,3.798053838731291762e+03,3.108744329111619663e+03,7.392817217897836599e+03,6.247285985352377793e+03,4.130596042254700478e+03,5.546498221692834704e+03,6.059515775643529196e+03,4.027505287915128974e+03,8.057245394518731700e+02,4.356848869014561387e+03,5.441962066733223764e+03,4.213240236747701601e+03,3.307534899183880498e+03,4.116184691347179069e+03,8.895241673547132450e+03,5.659402441542504675e+03,3.201750337774291893e+03,3.252969753509168186e+03,3.467462802160338470e+03,5.989342685132894985e+03,4.374377676339161553e+03,2.406989806269642486e+03,4.052971478489099354e+03,4.266617843638743580e+03,4.468969808292706148e+03,2.991336465627912730e+03,6.643147849559267343e+03,4.642239009723375602e+03,4.278459085824479189e+03,5.205160947658532677e+03,1.940818647598525104e+03,1.808174648449607957e+03,5.556316327847794128e+03,5.704993468271663914e+03,9.021912426374667120e+03,6.210985225161577546e+03,7.996486531538044801e+03,3.268234233541809317e+03,5.608606846478248372e+03,5.564353596312542322e+03,7.768072508597639171e+03,6.419822701573953964e+03,3.113739622870191852e+03,5.433208411131112371e+03,4.997595694764060681e+03,4.120807483091501126e+03,6.637582639171544542e+03,4.381886771338686231e+03,6.145512655437402827e+03,5.576056315631072721e+03,6.043893711491314207e+03,4.402149041154065344e+03,3.073570240340567580e+03,5.619648427435556187e+03,5.608682924946392632e+03,3.509670732322137155e+03,2.571867974627197327e+03,4.109953543122393057e+03,4.366416581574339943e+03,5.025677451510483479e+03,1.735208158066343231e+03,7.932734713737409038e+03,3.543673110137693584e+03,2.815617370106157523e+03,5.121614016353642910e+03,5.535567653452681952e+03,4.707631790528212150e+03,5.324715129835306470e+03,4.147581785410254270e+03,4.472462813326186733e+03,4.252389327010480883e+03,5.546636644667772089e+03,6.402864094214867691e+03,3.326006234133649741e+03,4.752668099864514261e+03,3.532462378766051188e+03,6.676410917286707445e+03,4.371185783692626501e+03,4.252673830739888217e+03,6.001678015901698927e+03,6.124183015325504130e+03,3.100304531530453914e+03,5.379882035047559839e+03,5.525195944594714092e+03,5.319581202224273511e+03,4.216191154975874269e+03,2.621032769269582332e+03,1.544799409919568916e+03,6.460181858786379962e+03,5.876897864244891935e+03,5.866641255704004834e+03,2.345130118634553583e+03,5.380646559740192970e+03,8.099736867907661690e+03,4.164372499702183632e+03,8.088615718631665914e+03,3.717388497959914730e+03,4.313238932436581308e+03,8.058100097602518872e+03,4.959032405743376330e+03,3.100569520908212780e+03,4.041507846155615425e+03,7.574317127888474715e+03,2.747058143755988112e+03,6.881124414144873299e+03,5.195826034494077248e+03,2.553653860199499832e+03,5.283808326931145530e+03,8.829344510436689234e+03,6.797162434935084093e+03,6.318228138502794536e+03,2.882293522921196200e+03,4.640713941868581060e+03,2.771089093024545491e+03
1.584865610730991525e+00,1.725030625368812354e+00,1.793986099912629806e+00,1.907589039797940478e+00,2.222122765436948200e+00,9.754146367374668669e-01,1.964291602124833558e+00,-7.738073101945096566e-01,2.507037318589326436e+00,7.388042479406184415e-02,2.588658377160070412e+00,3.083276426135920012e+00,1.628925795063846049e+00,-3.871528817685189749e-01,3.167072029762423302e-01,1.073891659511132080e+00,2.568968358426733989e+00,1.044158558535293047e+00,2.931612256691358276e+00,-5.437709600975976221e-03,1.134788427652074549e+00,7.948851572888271377e-03,5.077249881707454060e-01,2.813190054205586321e+00,2.906820338851599850e+00,2.079366087135669616e+00,1.657203787008489915e+00,4.751058580884550686e-01,4.497664676930616112e-01,-6.557937904544506313e-01,1.710220950085403979e+00,1.540642502048165552e+00,6.389159805335479225e-01,1.631647678867344631e+00,1.738219661355835166e+00,7.373764975183798587e-01,1.238802094724493985e+00,2.181699740132493570e+00,3.421264400440039655e+00,1.169863091157378632e+00,1.282523376332577403e+00,2.737105281196381412e+00,3.059892693550207987e+00,8.050873510175808878e-01,2.697206300163672577e+00,-3.045672892037778468e-01,1.650797888155515425e+00,3.007419996924658001e+00,1.312259353738451928e+00,1.533404153175908835e+00,2.907380274817097376e+00,2.035568396418372394e+00,1.872136462761086806e+00,2.094470194660132734e+00,7.304775272373588146e-01,3.269188807703693911e+00,3.158448152562939537e+00,1.420864444775556512e+00,1.738774648472299456e+00,2.343012338905545722e+00,2.942955714971721370e+00,1.017710288149092479e+00,8.584428203815237524e-01,4.803286011084436424e+00,6.729288389861509678e-01,1.255701867503478120e+00,-3.106984192863169736e-01,1.222340647123242086e+00,2.605174599434521010e+00,2.748971832373606983e+00,-3.855441786077014044e-01,-1.509665079494853179e+00,2.359718476064365689e+00,7.515906453690117672e-01,1.850455580752359275e+00,1.135792630076085219e+00,1.420994766663299380e+00,2.591892495713100431e+00,6.845438729635894282e-01,2.599473300162214340e+00,1.984692422437021486e+00,2.966154865494523118e+00,2.651144115810629032e+00,1.734426304978280431e+00,1.656963844373545935e+00,-4.298572889412640152e-01,1.743166635283480259e+00,2.008097483480664192e+00,1.924674395929677040e+00,1.474025140617903906e+00,1.404040674154345414e+00,2.427792057790054692e-01,9.424556751716265390e-01,1.503824508643442526e+00,4.507135052313937962e+00,2.309071280433312889e+00,-4.009043871152684901e-01,2.725575192170929473e+00,2.530577066252931662e+00,3.574374274762249226e-01,9.696097599128064015e-01,2.428561013772790211e+00,9.202637325929509116e-01,1.553686350023106622e+00,1.616320918068393953e+00,-5.573020056424181357e-02,2.291349369616819232e+00,1.582670168061270699e+00,8.210634254936495235e-01,-4.631235838258941917e-01,1.854813119307982205e+00,-4.241950090636665838e-01,1.731723499064046656e+00,2.126620887863029719e+00,2.098445860625443693e+00,2.093671408477635332e+00,1.846038967253682550e+00,-4.382777157513279009e-02,3.238649492140758923e+00,6.519943442332116756e-01,2.876706133611869554e+00,2.433534258886257629e+00,1.005834954294096306e+00,1.568801180949013663e+00,1.815112477530916646e+00,9.503320236124077613e-01,3.367208633829477993e+00,1.709129994725059110e+00,1.915294767941652099e+00,1.556837288021378551e+00,1.145085277984416283e+00,2.212119677658212602e+00,3.820049366283945202e-02,8.207067573395532278e-01,2.484208306511333397e+00,-2.624002533205728460e-02,1.269344635257682263e+00,2.284264047268453890e+00,1.298480387891745247e+00,1.556777513205011232e+00,1.451439537561537430e+00,1.051988208768363187e+00,8.569923709665127065e-01,1.920599519953459566e+00,6.134360603616688667e-01,1.109321910314724047e+00,2.295795297752598607e+00,1.351382671801206969e+00,1.326800267238843256e+00,8.770630411338447008e-01,1.738020581746535953e+00,1.886786340425258057e+00,2.123391145171746430e+00,5.906048966763096653e-01,3.604692045016885116e-01,5.030768073484140901e-01,2.630203271853408076e+00,9.957637551623398364e-01,1.370118970057469410e+00,1.894192557959995860e+00,1.505209846177587796e+00,-1.855814786492102630e-01,8.952469539328558046e-01,4.453432007790829594e-01,1.704341081161226956e+00,2.218994618336122659e+00,-2.459918945487064246e+00,2.183097572974704192e+00,1.056022576793137269e+00,-1.735842847044677395e-01,3.139321599710772848e+00,3.168496388705683842e-01,-4.241026635702678793e-01,1.057755728320338484e+00,9.870704265865650751e-01,5.196931635313055686e-01,2.016945411471906091e+00,2.139231471255298445e+00,-4.390647308125849024e-01,2.122176197272887532e-01,1.123652142419694133e+00,1.446638476748918656e+00,2.166855263280544897e+00,-3.497072003310217059e-01,1.906527308668946485e+00,1.383681527831178926e+00,-2.641803132421756128e-01,4.087209595514517346e+00,-7.130052683540014091e-02,2.340250838862805161e-01,2.353895022311198737e+00,1.467700889948139409e+00,1.965853984790118858e+00,-3.416366856137468266e-01,1.749186531944316503e+00,1.260685704000059637e+00,2.557686272917822023e+00,2.204464014114073667e+00,2.370538846223656293e+00,1.328558413681740769e+00,4.439790131568769560e+00,1.248080019330717327e+00,1.922863418236330446e+00,1.836610775818029451e+00,-1.204513585324886171e-01,2.375072420573675291e+00,5.038384170686673880e-01,6.478873031427200280e-01,1.555402222503450060e+00,1.937973376123540037e+00,1.989552285535123755e+00,1.426155698645157122e+00,2.172124710298690253e+00,-2.469699126412640000e-01,2.256762896745618807e+00,9.824310750829302608e-01,2.886778410172809117e+00,-3.725609480271077634e-03,2.700886138436385142e+00,1.183686361091173644e+00,7.795152869838544163e-01,-7.683976749243068838e-01,9.506535411714158723e-01,1.352650831183416447e+00,1.685062680554383352e+00,2.301311160702818714e+00,3.595456054710104876e+00,6.888969416582318983e-02,2.956845108070033756e+00,2.420357046490761110e+00,2.380033251349899626e+00,7.840517821367433138e-01,2.209515880937204191e+00,8.459543136410427877e-01,2.442913399686270637e-01,-3.163459500755353981e-01,6.385263397354359327e-01,1.788948449276519970e+00,1.427279657092020315e+00,2.107297393175398437e+00,1.817673352157759714e+00,1.610380900357069267e+00,2.403197575728484470e+00,2.082430738623022859e-02,1.894764873288663498e+00,1.351099125902212483e+00,1.630802649270086668e+00,4.027741668405122599e-01,2.418177489102095290e+00,9.399711802511789838e-01
-1.436235560193738214e-01,-1.351397381259184793e-01,-1.423816621954792083e-01,-1.325230087472492602e-01,-1.248302551676514910e-01,-1.423633913532168505e-01,-1.611043283452565367e-01,-1.316740252037914005e-01,-1.395359812001654154e-01,-1.416480774358779560e-01,-1.596451591574720719e-01,-1.359660141152174428e-01,-1.152294817296452972e-01,-1.449502896396537843e-01,-1.376494739651346888e-01,-1.346729040235464803e-01,-1.322368820354324903e-01,-1.292512163371266065e-01,-1.459934297918206725e-01,-1.215131005717153129e-01,-1.315884570646532747e-01,-1.375159008790791948e-01,-1.375971171553613259e-01,-1.210442318958266095e-01,-1.316582303838110812e-01,-1.552627252134992086e-01,-1.377243908783946369e-01,-1.292988512123788569e-01,-1.323023780843231023e-01,-1.425521714698230191e-01,-1.280277421346249500e-01,-1.290904847405577316e-01,-1.258730614671555725e-01,-1.290646748504485630e-01,-1.378267336384497999e-01,-1.414291968265945498e-01,-1.463667160722480765e-01,-1.342045236749613013e-01,-1.510697484037982208e-01,-1.402551564651648985e-01,-1.246690952344281372e-01,-1.315545662775056690e-01,-1.276326711331836616e-01,-1.362182545507043818e-01,-1.411939236167675249e-01,-1.353832395555540080e-01,-1.485992400663172786e-01,-1.328203745329945562e-01,-1.311728508075075961e-01,-1.218843330150686799e-01,-1.451348016739117119e-01,-1.418680195853803394e-01,-1.459351269357078151e-01,-1.296391308883662330e-01,-1.313234058277732708e-01,-1.322456884830036095e-01,-1.247897626702852703e-01,-1.448453844012027869e-01,-1.330944584783380902e-01,-1.400296134946110160e-01,-1.448745812250265552e-01,-1.168240531584708447e-01,-1.368588786147202918e-01,-1.387293743316284911e-01,-1.337531135944559080e-01,-1.576670505307731229e-01,-1.174220407718293419e-01,-1.620066978488338139e-01,-1.343055566203414097e-01,-1.305039416278755138e-01,-1.417744795777865496e-01,-1.318558373289822616e-01,-1.421469959024392882e-01,-1.324183997954964387e-01,-1.429729661483765124e-01,-1.196243918934818545e-01,-1.485018629395713774e-01,-1.517878160112666186e-01,-1.207275953528860468e-01,-1.382451257951012591e-01,-1.416587174849107678e-01,-1.399733032679360278e-01,-1.490496880432897742e-01,-1.288831404012264759e-01,-1.371809372802816063e-01,-1.440127515012091797e-01,-1.377613112187560385e-01,-1.496884736651202530e-01,-1.354001982919735003e-01,-1.282691815433437965e-01,-1.389126117960567675e-01,-1.526453853545464423e-01,-1.454844387165610820e-01,-1.447226256946841094e-01,-1.332362746944454057e-01,-1.451699606698374223e-01,-1.592691206935253345e-01,-1.448034170622757022e-01,-1.454235095552010582e-01,-1.601827629256767360e-01,-1.341695192033760253e-01,-1.397631997229049072e-01,-1.320590481084686074e-01,-1.352782942331762495e-01,-1.457088373108117174e-01,-1.647022609407566840e-01,-1.306922351877013999e-01,-1.271379368416583611e-01,-1.411021470060697114e-01,-1.661517422674166078e-01,-1.581971809520852645e-01,-1.329474734987805551e-01,-1.320039140324230642e-01,-1.595851467271924007e-01,-1.447154270751244420e-01,-1.551466226396633064e-01,-1.330579801006183949e-01,-1.264571056372405522e-01,-1.274466883238883630e-01,-1.634839686640148781e-01,-1.361642789069972548e-01,-1.505270441604782961e-01,-1.586108031503159210e-01,-1.356153352246736443e-01,-1.401989035690793250e-01,-1.426856785178677867e-01,-1.298819188050018558e-01,-1.289044725099790789e-01,-1.160428249411076529e-01,-1.388499868767836820e-01,-1.355406592607418248e-01,-1.594861934249125479e-01,-1.265314716944335172e-01,-1.365708778446614036e-01,-1.307932006192357444e-01,-1.392382872090952017e-01,-1.396428695914762597e-01,-1.188726102869810675e-01,-1.129026068740095895e-01,-1.469720146464115473e-01,-1.473554464533849973e-01,-1.230796520526198923e-01,-1.347792332873533061e-01,-1.180868888987248039e-01,-1.417007780527201888e-01,-1.282019114619642741e-01,-1.434800385647154730e-01,-1.373108690824341449e-01,-1.401197300968620163e-01,-1.324272045263756581e-01,-1.355235421568107834e-01,-1.178940640882566865e-01,-1.538251973381599969e-01,-1.487976215143758107e-01,-1.399057670476113457e-01,-1.507913705547321015e-01,-1.564514337994537818e-01,-1.360002203657273423e-01,-1.345131019570281194e-01,-1.351197970278511518e-01,-1.250241578836158440e-01,-1.520866955700899692e-01,-1.412212786513845630e-01,-1.525019275506984406e-01,-1.500229620702903388e-01,-1.495447976129566925e-01,-1.505338327169155332e-01,-1.261678560588899156e-01,-1.210225470330766884e-01,-1.258826906436626425e-01,-1.380426932862183764e-01,-1.354861341019741872e-01,-1.373457974941031945e-01,-1.371828101256823140e-01,-1.437720967521933235e-01,-1.192448626095299197e-01,-1.262137413077669690e-01,-1.358271201532779970e-01,-1.325743225186639673e-01,-1.323928456424741384e-01,-1.620385906176929625e-01,-1.559108805323722868e-01,-1.655002850484974253e-01,-1.553293548890189169e-01,-1.457668704840033580e-01,-1.206822258544816145e-01,-1.426645573917936782e-01,-1.364853700493645072e-01,-1.331997814409199565e-01,-1.199589510557749344e-01,-1.337037950039672851e-01,-1.393253867214432340e-01,-1.552794219944878817e-01,-1.257203519862508667e-01,-1.478030691308855615e-01,-1.398464975761947726e-01,-1.444060298671740461e-01,-1.387994771918412418e-01,-1.517065701543720002e-01,-1.317236592470166778e-01,-1.236501173462593167e-01,-1.314773431327295183e-01,-1.388809416230266935e-01,-1.361706513048195621e-01,-1.298355858558853659e-01,-1.351469394961975212e-01,-1.398571253834240691e-01,-1.387154254879710835e-01,-1.349645107793601417e-01,-1.421855498025281217e-01,-1.451939521395705368e-01,-1.293225755350165262e-01,-1.198207646275932237e-01,-1.461956314647593347e-01,-1.341002232000627625e-01,-1.455023028137780450e-01,-1.341722495181298380e-01,-1.218311225903336015e-01,-1.223840889581869762e-01,-1.377195906423780702e-01,-1.212828288728699799e-01,-1.498575937451050444e-01,-1.420875246272686465e-01,-1.373460612669879233e-01,-1.488831769258001092e-01,-1.318259667421476933e-01,-1.412082229331611261e-01,-1.508051264171085537e-01,-1.308182741206561361e-01,-1.347908014357182549e-01,-1.362167896944909695e-01,-1.398349690805646139e-01,-1.315279999690814605e-01,-1.485720747995231961e-01,-1.338377668840094459e-01,-1.535823633410924871e-01,-1.462463259710548302e-01,-1.409581478733533122e-01,-1.380233752054784990e-01,-1.493395602568080849e-01,-1.405318424862024018e-01,-1.435536258527216058e-01,-1.354375350766138797e-01,-1.352868264388142894e-01,-1.232359620241229997e-01,-1.185038662592131087e-01,-1.278882193518213195e-01,-1.353363761647604913e-01,-1.467491011408209312e-01,-1.243657176046675528e-01
2.612376604608006025e-01,2.241109733900812084e-01,3.043905505079151919e-01,2.882647586647609783e-01,3.804191744953909216e-01,2.946407434735779374e-01,3.541854480883683820e-01,2.584089667732008544e-01,3.429417658874470143e-01,3.018147532824423385e-01,2.666174265808177735e-01,3.174149421357743139e-01,3.229460183052880184e-01,3.304769187082350346e-01,2.401631807547608133e-01,3.644762456156173669e-01,2.602093765540675618e-01,3.356146939121992245e-01,3.031760934239866589e-01,3.951206625753597712e-01,2.583455380236197585e-01,2.141988452744616467e-01,2.768871029783592230e-01,2.305721514399831362e-01,2.552708118559379735e-01,3.520323473529380354e-01,3.513003976721548183e-01,2.622040110338453855e-01,2.889430142174109206e-01,3.110725378314381229e-01,3.631495417700031370e-01,2.845315144484790171e-01,2.132225541382722078e-01,2.580879488690619450e-01,2.851256642535024977e-01,2.658472228115525415e-01,3.677882255859986071e-01,2.857584940250279537e-01,3.363389924878498194e-01,3.701654813236022745e-01,3.379418794810949422e-01,2.213898139649018437e-01,3.064377098863900195e-01,3.789067989069900833e-01,2.534435179908977598e-01,2.768784544244523582e-01,2.758241921103904981e-01,3.443042727598369379e-01,3.134394019569788914e-01,3.001785157210831168e-01,2.826818778256607323e-01,3.266098193909610647e-01,3.287609757540915778e-01,3.220745984057057365e-01,2.769149912922105883e-01,2.992858876678400337e-01,2.948016741696824483e-01,2.932996987372107900e-01,2.884462142107656057e-01,2.489394784003161609e-01,2.844236705386062880e-01,3.571407195854567895e-01,2.355477826003855857e-01,2.670426432361167612e-01,3.061141611539231477e-01,3.074894029474591894e-01,2.455934652530260276e-01,3.393496629585600610e-01,2.906894484503651510e-01,2.321310628982497237e-01,2.466784655065912824e-01,3.664793139434251446e-01,2.951897891878790259e-01,1.803162062245179942e-01,3.061915721603157836e-01,1.787915213139172621e-01,3.654121299497504194e-01,3.065126535298326460e-01,3.652972878551302149e-01,3.174536297035627230e-01,2.755148768412350457e-01,4.070239912911227664e-01,2.298797629488728289e-01,2.678318948231939722e-01,1.882808773864658169e-01,3.516563089509369133e-01,3.762598424042434830e-01,3.813132775003341135e-01,3.337177454251007980e-01,2.693401447851307418e-01,3.284078834849326056e-01,2.933434807502242614e-01,3.546709495221951336e-01,2.424587116544179299e-01,2.071878627265905382e-01,2.284805604351555219e-01,3.429286723006588211e-01,2.872947206071751469e-01,2.066615922299189501e-01,2.819860754006001669e-01,3.234067471486662959e-01,3.436609237557833318e-01,3.344185240299175077e-01,3.098486453480890357e-01,2.501870798811013930e-01,3.514265004765432798e-01,2.950754890104538286e-01,3.589378190687352865e-01,3.410848175523890635e-01,3.571650227488888385e-01,2.187170735890604789e-01,3.413957087926736689e-01,2.664288558957788600e-01,3.272836042917832144e-01,3.286704255523962281e-01,3.817942834195632851e-01,2.408432385084489924e-01,2.187276938240699242e-01,2.572822822855079239e-01,2.385861338817902855e-01,3.309498451361623239e-01,2.280660140496482691e-01,3.054056043240026552e-01,3.641086954550698529e-01,3.882406193393980187e-01,3.673613248905043815e-01,2.731457585888887318e-01,2.885004077578821602e-01,2.886502232881337227e-01,2.444188334454635569e-01,2.854328922150509151e-01,2.728127249252448316e-01,2.800416075083166922e-01,2.683779860155776076e-01,3.131395106471455136e-01,2.618131920076495200e-01,3.303636783754377304e-01,3.158560528167154158e-01,2.963212656375836529e-01,2.282341779086872469e-01,3.700229052628482562e-01,2.246857840762613023e-01,2.708264334395263373e-01,2.347552731584849894e-01,3.503015440496303756e-01,2.421567581311528383e-01,3.208645478983302990e-01,3.699351974336470006e-01,3.508863886875409621e-01,2.648043210225083377e-01,2.684658487719643327e-01,2.429701301809867320e-01,2.828626896968715609e-01,2.394847502538421380e-01,2.617877218389699223e-01,2.840947410410167295e-01,2.700568837375591502e-01,2.336995439222520898e-01,2.927527674621707154e-01,3.500625109768910614e-01,2.176984685507705741e-01,2.542170205263443172e-01,2.931747811242819135e-01,2.207885419409918726e-01,2.812934163804877152e-01,2.634130243924729387e-01,2.199259089593554595e-01,2.118140442373237231e-01,2.694190793143456664e-01,2.023757118455921100e-01,3.203968243870882193e-01,2.621207311427624642e-01,2.718870635474095465e-01,2.785089980009193278e-01,3.119178410847270322e-01,1.815947070622113413e-01,2.356473264390201439e-01,2.968714607642348180e-01,3.519749586892817472e-01,2.766440965954199971e-01,3.490463142361801552e-01,2.590613771753617067e-01,3.248500693577771048e-01,2.535701698478560195e-01,2.833344550674087858e-01,2.965496836564833205e-01,2.677543061472676955e-01,3.400117056671149163e-01,2.522089961096888877e-01,1.279014555419573929e-01,2.291612231542888567e-01,2.692443772368525723e-01,3.277534587549605916e-01,2.544583990809042295e-01,3.169641851334898952e-01,2.981445297458547583e-01,1.981303649266156208e-01,3.072689404880218356e-01,3.110456946627475627e-01,2.742552246323003429e-01,2.787319790089194393e-01,2.760160453557290450e-01,4.476729119066613083e-01,3.586237094257528346e-01,4.091408648356191224e-01,2.195523083103299578e-01,2.810761625145102305e-01,2.968986311394520294e-01,2.574150114794275801e-01,2.582727315425216719e-01,2.963061112534529085e-01,3.114991340613447734e-01,2.584728628997524091e-01,3.787925339746867071e-01,3.006577720790425956e-01,2.729256056332610703e-01,3.212502545089203077e-01,2.061441372385051374e-01,2.787802359514124917e-01,2.469223853119801027e-01,2.961650112981191185e-01,2.608987940809586736e-01,2.731776413517387758e-01,3.693538355694892528e-01,2.851295409394818403e-01,2.965658414554828703e-01,2.668152758732503793e-01,2.552821865218774522e-01,2.902089853704495903e-01,2.307427587165977734e-01,2.697754519248268257e-01,2.862290927234746318e-01,1.916386565249695029e-01,2.690618067167643290e-01,3.066408637628458278e-01,3.016134202536455700e-01,4.176609753231236843e-01,2.924046474726154643e-01,3.002492632880939261e-01,2.529105530962425519e-01,3.381704124549514967e-01,2.976689903215762878e-01,2.422046271327472911e-01,3.040039293438639434e-01,2.938552566691109980e-01,4.174116030445680914e-01,2.697535579125549532e-01,2.444128664031864351e-01,3.074652631109753842e-01,3.778518736002057787e-01
8.536133709314281077e+03,8.890216102401844182e+03,9.981687668489883436e+03,6.347970365355302420e+03,6.981081573216146353e+03,9.920398894282796391e+03,9.557914414039478288e+03,5.655922700482678010e+03,6.341965170851452058e+03,1.000000000000000000e+04,9.806548296125620254e+03,7.850247105092162201e+03,4.792951543810661860e+03,8.964423552977204963e+03,6.770460686414449810e+03,8.445883805506866338e+03,1.000000000000000000e+04,6.033591473245531233e+03,5.230196799120109063e+03,8.030240349259762297e+03,1.000000000000000000e+04,9.630528742594418873e+03,1.000000000000000000e+04,1.000000000000000000e+04,9.816075469728435564e+03,9.593966881635888058e+03,6.152212187290363545e+03,8.737428542666348221e+03,8.880319665044618887e+03,1.000000000000000000e+04,6.991936597061961038e+03,1.000000000000000000e+04,7.374481457354962913e+03,6.490083909538923763e+03,9.498586478000490388e+03,1.000000000000000000e+04,7.523288910005723665e+03,7.589277515799055436e+03,9.568515303810994737e+03,7.592302723068489286e+03,5.719186696468282207e+03,9.332821272315732131e+03,5.998641896971221286e+03,4.709446041818788217e+03,9.867800590978791661e+03,9.789543789457346065e+03,8.163115777182791135e+03,7.053574498856562968e+03,6.418860401568777888e+03,1.000000000000000000e+04,8.809949038842838490e+03,8.765556405156727124e+03,8.908996759852198011e+03,9.983727714764539996e+03,9.797017219192977791e+03,7.163317461943854141e+03,5.677659992475476429e+03,9.306660413347070062e+03,8.223124563248022241e+03,1.000000000000000000e+04,9.316714971943103592e+03,4.920286392087583408e+03,8.697771413802369352e+03,9.521802135193483991e+03,9.133966597401391482e+03,6.515303589291800563e+03,1.000000000000000000e+04,7.662099734097600049e+03,8.897453593902222565e+03,1.000000000000000000e+04,8.573119429020076495e+03,6.785694640724278543e+03,8.838203045671643849e+03,6.092960589263360816e+03,9.454180116441253631e+03,1.000000000000000000e+04,9.032780880818350852e+03,8.913907187458022236e+03,6.618109218033308935e+03,8.599422129490980296e+03,9.517845330797721545e+03,5.317106338459969265e+03,9.557868709025990029e+03,1.000000000000000000e+04,1.000000000000000000e+04,6.369963304829269873e+03,6.426198503710049408e+03,9.731781120433888645e+03,6.049769369063174054e+03,8.425543799145194498e+03,8.300347824102733284e+03,6.137861298584785800e+03,9.880992141497812554e+03,1.000000000000000000e+04,9.546079502689921355e+03,1.000000000000000000e+04,1.000000000000000000e+04,1.000000000000000000e+04,1.000000000000000000e+04,8.538172909132845234e+03,8.134306871836263781e+03,6.764907093236517539e+03,6.968524931544700848e+03,6.405504256395846824e+03,9.802584715324159333e+03,7.283435199311713404e+03,7.095267246541672648e+03,7.564681688081784159e+03,7.243040409395995994e+03,8.386922674948347776e+03,1.000000000000000000e+04,6.001514078455276831e+03,7.882832510537285089e+03,8.371757444597726135e+03,7.843112816602163548e+03,7.907460362537545734e+03,9.491324165421156067e+03,7.519861712912127587e+03,7.432540414093726213e+03,1.000000000000000000e+04,8.285343269215321925e+03,1.000000000000000000e+04,1.000000000000000000e+04,5.036987689660079013e+03,5.199604160997711915e+03,6.258176895842754675e+03,8.578984784886073612e+03,5.273617481132881039e+03,7.194744669543722011e+03,1.000000000000000000e+04,1.000000000000000000e+04,9.854900158555279631e+03,6.407202482741457970e+03,8.785156752550441524e+03,8.290211441947472849e+03,9.598171345092914635e+03,7.532549706980909832e+03,5.190308837136351030e+03,5.070990756332355886e+03,5.597896575607427621e+03,9.844279540816802182e+03,5.202004177216429525e+03,9.630362178176159432e+03,7.414092155953546353e+03,5.806505785652258055e+03,7.396128016239278622e+03,8.147154015610993156e+03,8.187727568923172839e+03,5.994134096837889956e+03,8.891647386946224287e+03,9.586310546566874109e+03,5.386638281621707392e+03,1.000000000000000000e+04,9.772406173202101854e+03,7.235338624422623980e+03,7.627945361887783292e+03,8.467943987058626590e+03,1.000000000000000000e+04,9.244743684734066846e+03,4.334736883718755053e+03,9.704024179203608583e+03,1.000000000000000000e+04,9.533581340866625396e+03,8.756778442435599572e+03,7.443473500572207740e+03,1.000000000000000000e+04,1.000000000000000000e+04,6.758594139191633076e+03,7.027810333025769978e+03,1.000000000000000000e+04,9.195059663379401172e+03,9.609403684214115856e+03,7.820328498719858544e+03,8.749684047953929621e+03,9.790055638382526013e+03,6.098639561244417564e+03,8.268771003190231568e+03,1.000000000000000000e+04,7.789156102595592529e+03,9.870205646173908463e+03,8.150082905466942066e+03,1.000000000000000000e+04,5.850201318575343976e+03,9.244797067420704479e+03,1.000000000000000000e+04,9.381577925215353389e+03,8.719617263483072747e+03,8.198597791759006213e+03,7.325831769557339612e+03,4.782492853074993036e+03,8.152643077362037729e+03,8.865245807600487751e+03,9.421875896765626749e+03,7.287144356124697879e+03,9.850656016185928820e+03,1.000000000000000000e+04,9.838519528871474904e+03,1.000000000000000000e+04,5.988698224302481322e+03,7.914903526383424833e+03,5.143211931444293441e+03,5.593176475474028848e+03,4.083853652986505494e+03,7.111144162557278833e+03,4.797738793521478328e+03,1.000000000000000000e+04,7.885633645398141198e+03,9.163601907378302712e+03,1.000000000000000000e+04,1.000000000000000000e+04,1.000000000000000000e+04,8.754776796911424753e+03,6.285462092576399300e+03,7.952168556119625464e+03,5.626515371731999039e+03,1.000000000000000000e+04,7.954811724544406388e+03,4.852694419953612851e+03,3.884312385952669956e+03,9.942440236027749052e+03,1.000000000000000000e+04,7.575372948791969065e+03,1.000000000000000000e+04,6.977238186615300037e+03,9.197290337784534131e+03,1.000000000000000000e+04,5.358985123542435758e+03,6.813318225705557779e+03,5.586695180643556341e+03,8.916475962544112917e+03,8.074596679750558906e+03,9.473132350875388511e+03,9.897393349350901190e+03,1.000000000000000000e+04,6.239993517483481810e+03,1.000000000000000000e+04,5.391794636432997322e+03,7.904067093518291585e+03,8.108905541561420250e+03,1.000000000000000000e+04,9.319464029518829193e+03,1.000000000000000000e+04,9.365216123443731703e+03,4.723944980847008082e+03,9.288668538710413486e+03,6.173622475604102874e+03,9.144383404920108660e+03,6.050990080946004127e+03,9.312702200357367474e+03,6.661523245883689924e+03
2.937095669910489537e+00,3.338902733992664462e+00,2.909684243324218045e+00,2.314175347013612161e+00,1.544961038831328404e+00,3.255953617583437598e+00,6.083366702223722555e+00,2.046038816517936620e+00,5.415965547694459481e+00,2.798694624131074171e+00,5.350906606127605158e+00,2.478661190221498778e+00,1.347121358956640202e+00,5.025153441345939775e+00,4.881855579411354285e+00,2.904190574113057366e+00,3.592874379446008071e+00,3.549891625642819903e+00,4.416794622231028811e+00,1.032747705510315805e+00,3.336430298720276966e+00,3.125312407511560586e+00,2.849407628648564117e+00,1.283919652936741818e+00,2.762830528445401335e+00,5.192829276177406861e+00,2.152004788930986567e+00,3.039352984430097049e+00,2.611533631684960444e+00,2.088481540710544149e+00,1.984330131278438492e+00,2.753263793620909006e+00,1.718983137172684028e+00,3.382329960752672005e+00,2.855567094193196542e+00,2.731930948918434243e+00,5.097705471678954936e+00,2.966329163246221867e+00,5.843436387920566411e+00,2.417374000535078782e+00,2.448671220709535579e+00,2.604472271992703813e+00,3.973561017940066442e+00,3.352271460146684312e+00,1.965871864430290161e+00,3.062725808031012242e+00,3.802688655411237129e+00,2.076057395490491952e+00,3.187715499960102505e+00,2.190748178415462988e+00,4.601101653109757272e+00,4.638963235646822447e+00,4.381966482761030512e+00,3.532616319142479533e+00,2.503219508254846737e+00,3.499889063863708571e+00,2.448090009370451625e+00,2.829351586337740088e+00,1.422575413363697638e+00,3.451077305904228787e+00,4.413773116292388110e+00,-1.857083145782273681e-01,3.891447231494052694e+00,2.874716132298630100e+00,1.950829988789539948e+00,4.334018445391113694e+00,2.100134918537492901e+00,4.582823361676347851e+00,2.369454194392194957e+00,2.175511146086766434e+00,5.614270126434570685e+00,2.063098929750588173e+00,4.276877376793192909e+00,1.157201251643765305e+00,4.517533027301479542e+00,1.953257592150264177e+00,3.966923303560146774e+00,5.011390210278572788e+00,2.078253982520292364e+00,2.920751773994498368e+00,3.679970764841124176e+00,4.496351533709606052e+00,4.400449411646136788e+00,1.997885911488140653e+00,2.620139091697132550e+00,3.600391917627701055e+00,2.037125939515457507e+00,4.493724585766738500e+00,3.682583874339949492e+00,2.562352154703469775e+00,2.003067320610013358e+00,4.432063466729690759e+00,3.576408411059827319e+00,4.753951706642595809e+00,1.324255742958547089e+00,4.807872731738772387e+00,4.652711363596580441e+00,3.550033617466034297e+00,4.010666519854336975e+00,5.540605317266233953e+00,3.541391479889371308e+00,3.247457419182032012e+00,2.471901129483844439e+00,2.558091737621786432e+00,3.333188438808815768e+00,6.603755970822756005e+00,2.902843927911927135e+00,3.204089236303002686e+00,3.871977271651110275e+00,5.033106355047353375e+00,4.674832083456036180e+00,3.165718643795563558e+00,3.310315656988136457e+00,7.056929227818385719e+00,4.431752023946038399e+00,3.880395884161763842e+00,1.541806533707998472e+00,2.719123948073761898e+00,1.818648854882811250e+00,5.490731638158039551e+00,3.785553483981563883e+00,2.293259838818527463e+00,5.481372424897635653e+00,2.399877056304769773e+00,3.248161300943064766e+00,3.980526197583144299e+00,4.049588276904999340e+00,2.120224392034432359e+00,8.956184703228895483e-01,3.230583941229645095e+00,2.942357935299017679e+00,5.632147430730275239e+00,2.973254754778773101e+00,2.365646698386139057e+00,5.169088237877097924e+00,3.150594943936787740e+00,2.261487973593738321e+00,2.520264944582686795e+00,2.864758050655925814e+00,4.194900646111985765e+00,4.104105291522360588e+00,2.675309343822608987e+00,2.088064649131197825e+00,1.577004040457494316e+00,3.232798691037680694e+00,2.373378526448574721e+00,3.687889213165646662e+00,3.292061051110024561e+00,3.904342992075579666e+00,3.197370155908394906e+00,3.024069799440418649e+00,7.420069279419169161e-01,5.265407186344210899e+00,4.045308711565193782e+00,2.887925888900739313e+00,5.015012059564832647e+00,5.068005161078957599e+00,2.122601048323010886e+00,2.574476232518466468e+00,2.849403807551545320e+00,1.281083700822702065e+00,4.671967816048801403e+00,2.621769708579403169e+00,3.574372918934076715e+00,4.432915858905960960e+00,3.809951109778476841e+00,4.071296609402057065e+00,1.786627203806373965e+00,2.740293448204049298e+00,2.120219120576924965e+00,4.494369405205539181e+00,3.692448019430931261e+00,2.756500467707610369e+00,2.444196305943921566e+00,2.070921287684501788e+00,5.710297203225064289e-01,1.252417907337349812e+00,2.950522086094905294e+00,3.282860969105565463e+00,2.356641705799099373e+00,4.465585089285569964e+00,4.802284608523918585e+00,4.889197628297599962e+00,4.379444034006070297e+00,2.360906504159679731e+00,1.637387452721300374e+00,4.157232343314094081e+00,3.359997797613313075e+00,3.051517704588280200e+00,1.452642224897300771e+00,3.497017574822062436e+00,3.392801940625431278e+00,5.914363524726160115e+00,1.205590633292913605e+00,4.509775787528195856e+00,3.644410743640067007e+00,4.207020553016898035e+00,2.624597321018891538e+00,5.847819289567976142e+00,2.461618004432907902e+00,2.141841167741739937e+00,2.126237378551585344e+00,5.810242014383859122e+00,3.089651003951218389e+00,4.582632387352234993e+00,2.435317205659464523e+00,2.920738333755968696e+00,3.668653995215356289e+00,4.286472796935004048e+00,3.736185685850879068e+00,3.130626826954562514e+00,3.114514347261938099e+00,1.234838689757892460e+00,3.736417892736794144e+00,4.390245881912554715e+00,2.986713272856092338e+00,5.428165807613509752e-01,1.235802303491423615e+00,2.212971155854933869e+00,4.759745577250285464e+00,4.975535674009006204e-01,5.404836184531686349e+00,3.231429640192621910e+00,4.632138408912565453e+00,4.222242765571448508e+00,2.029459215540124095e+00,4.004617561162977069e+00,4.846613658794993285e+00,4.088262549880395724e+00,2.764987565324031227e+00,1.249424483619287818e+00,3.236893579392124298e+00,1.596900792800474589e+00,2.919714807083225061e+00,2.650098762079119652e+00,4.375077432689107759e+00,4.881312137919167071e+00,4.112599844887823153e+00,3.363674926598584580e+00,3.741158720023559869e+00,4.760622621180352176e+00,3.325082182127418129e+00,2.908384578163401457e+00,3.666534424975433026e+00,1.338837251340154966e+00,2.306318445369065273e+00,1.888850510130656746e+00,2.862480423529627505e+00,3.960110798266317289e+00,9.339464550233748108e-01
4.921985145617820412e-01,5.309490415114566098e-01,7.747324140355059674e-01,8.626012662560139654e-01,9.923794982361239247e-01,8.233820457162899231e-01,8.110701321674471664e-01,3.742513955710649598e-01,5.454609338567882881e-01,8.111787476126837149e-01,8.568837912282059044e-01,6.708438470140619669e-01,5.282569394860223699e-01,6.954141020879218704e-01,9.259936480894868094e-01,8.700149712902921495e-01,1.387248595182192679e+00,6.191033061774751101e-01,4.810644112089430546e-01,5.242468376874356295e-01,1.315191017079979652e+00,8.451781749230717622e-02,7.988934859714439396e-01,8.073726065622209846e-01,5.899424678329150996e-03,1.178741170567975782e+00,9.940309139097660562e-01,8.803371322918119857e-01,3.590067688483511987e-01,1.085060976128568111e+00,7.112836927762732353e-01,9.515084821979761243e-01,7.554404951788310507e-01,3.830329478678630162e-01,7.753410081596461279e-01,5.031505025878734161e-01,8.758007465470051267e-01,6.397375912813713095e-01,9.503365751659049732e-01,1.033003288619937399e+00,1.080221401709638318e+00,6.371667296190981489e-01,3.282130082330385057e-01,2.328534921011322367e-01,5.152406403831175652e-01,1.175086791649305962e+00,6.402283336303921102e-01,7.316734623758686107e-01,7.496936035984511637e-01,4.077549744559549882e-01,5.327681868976275048e-01,6.109175861671695129e-01,5.205939857136134830e-01,1.060886789778832995e+00,6.941334581982075980e-01,6.314675605862338781e-01,1.196562631362753093e+00,5.397039190783508023e-01,4.332442499596092511e-01,9.507691897688965721e-01,3.751809079254437296e-01,8.446647215047571322e-01,4.589961581818426950e-01,6.632170985656486994e-01,3.001858911966838739e-01,6.857086716527737158e-01,8.383965892563989275e-01,1.093703131832137965e+00,7.144410503886381436e-01,6.076243917033822273e-01,9.350174225279591633e-01,6.732469135551549799e-01,1.092563714725644841e+00,5.749243100613634638e-01,3.974269255473033557e-01,3.986487691326538463e-01,6.681288730544948651e-01,6.332054587512843113e-01,1.029140014281634041e+00,9.040019901739300145e-01,9.522899405739504441e-01,8.462081282353075551e-01,8.435530615302957447e-01,9.281511487311245867e-01,6.324167810659008238e-01,5.558646688729086405e-01,4.602871923594529791e-01,3.621485993633034584e-01,4.717188309202252627e-01,5.829174036658656410e-01,6.108061728167576421e-01,8.224901701678212218e-01,3.926964186237349441e-01,8.279935118368897395e-01,1.032972991638686944e+00,8.040760805456060867e-01,1.047396640371894838e+00,1.808899950728743433e-01,6.140649737503407479e-01,8.626114063483885097e-01,8.339916208890727489e-01,3.789246792907112749e-01,5.604391652090231490e-01,6.317140205832610933e-01,6.812183687843738067e-01,8.805842630705985608e-01,1.090976204866997978e+00,7.659078595266469724e-01,8.605378917323777133e-01,3.928430499009810117e-01,8.940324024020831484e-01,4.427868659578299004e-01,5.853890544628068682e-01,1.634825714554515752e+00,1.020106733304827484e+00,6.403457116484929657e-01,3.828538880815013368e-01,8.129842998390913733e-01,6.184702562975989970e-01,6.562056587980095168e-01,6.293554213102630079e-01,5.843808037382809406e-01,8.955117379111362519e-01,7.580712288703898016e-01,6.000415957978840753e-01,8.757080505281686911e-01,6.245152448744653029e-01,2.209189056662805573e-01,5.453840631995029442e-01,4.588089174988602692e-01,3.255791758873519126e-01,9.256792492365173430e-01,8.195647434806281328e-01,4.763976811081066520e-01,7.233084629369043173e-01,5.593496826387830412e-01,6.643621665817627253e-01,9.191160898403878399e-01,7.451168365355509415e-01,5.898138887317514456e-01,1.035438358818332683e+00,2.046870265323066373e-01,1.176138149581142489e+00,7.539040066617272995e-01,8.505612925271832658e-01,6.553685894209186902e-01,6.293446308918451138e-01,7.280567408292253351e-01,5.578460082544081100e-01,9.041617664497544338e-01,2.832887855763619456e-01,5.686095459792771534e-01,6.824412299095076184e-01,8.192310862137454075e-01,8.573987072782586205e-01,8.897239665705011236e-01,4.143170975921616206e-01,2.168744185117610912e-01,7.040935937637119446e-01,5.384543921922363419e-01,8.637951173878342104e-01,4.463085887554216202e-01,6.137731993117772067e-01,5.567047237648307112e-01,4.853339914078599326e-01,1.251584399003200954e+00,1.384565622263482787e+00,7.395407790043824203e-01,5.248609488028143089e-01,5.231824039283022865e-01,9.281313799724586477e-01,2.875370715750570350e-01,2.892036276253682758e-01,4.508670966139494696e-01,4.102753875814498241e-01,5.391334296751121302e-01,4.919449573877012205e-01,2.331528304192495293e-01,4.643112295332468831e-01,1.044131259646334353e+00,4.590048389259184236e-01,6.368730404621273378e-01,6.572656834673360482e-01,1.098410829744971062e+00,1.236430442141708719e+00,7.098042479368676938e-01,5.997587001629106629e-01,1.030163404525159754e+00,6.666285554134724345e-01,8.391542837590989512e-01,7.344572303798609925e-01,9.780939972979056929e-01,1.147575027835487232e-01,8.138470719251773566e-01,2.099027188662574983e-01,5.568798447089037262e-01,9.747108639018394749e-01,2.488621903084406728e-01,5.422190495542695832e-01,8.257936067223651255e-01,1.083828261646841984e+00,6.995947257995996926e-01,1.402231549138013733e+00,3.925754434863698572e-01,9.024799784534480729e-01,7.593248638904086523e-01,6.124359175826455948e-01,8.885377899258966039e-01,4.912209244900906380e-01,7.238762076201362694e-01,6.707768734205624694e-01,4.359918338501779234e-01,8.687368054617659874e-02,6.108894327302358818e-01,4.663059649539252338e-01,5.547707957463101636e-01,9.511948867680170006e-01,4.544005560261586973e-01,8.179131173625041606e-01,5.556782545708531806e-01,1.708574889997125368e-01,1.164594371695611086e+00,5.946939597519725895e-01,5.107225731040661021e-01,7.346745733600702488e-01,7.078655947751558708e-01,8.492245219529932498e-01,6.773317183479735659e-01,8.351693154139909758e-01,3.861060662960261736e-01,6.998679216411672899e-01,1.819913432905711503e-01,8.498758037398456144e-01,6.812259486093759087e-01,5.019270045342622000e-02,1.008693462227123971e+00,1.162874930621651925e+00,9.381027178001284383e-01,5.651243860147863174e-01,6.877300864579950490e-01,3.624960631037833503e-01,9.590674781461157039e-01,6.492515875616827747e-01,8.349375307201594154e-01,1.035901080110204653e+00,5.790025039154056419e-01,4.412360218403856282e-01,7.249624218802697140e-01,2.973443341966170994e-01,1.412937060748593376e+00
8.791239566087751811e-01,1.578495471050531895e+00,1.266171524802861548e+00,1.315872681258369425e+00,2.193189828179577638e+00,8.093332865915512375e-01,8.321154154591666741e-01,5.406150186079765607e-01,2.189724733577141258e+00,1.509379369454650677e+00,2.250449317581468822e+00,8.191469680968299638e-01,1.788544013764886698e+00,1.731809229644228232e+00,1.197596968078460167e+00,1.188342640472577871e+00,8.007156162164567048e-01,2.597602676699363400e+00,1.992681407278444228e+00,9.957578952850767440e-01,1.903622522343350498e+00,1.666784462844733916e+00,5.925199948339132661e-01,8.022193044169914078e-01,1.721417453194868497e+00,6.904611947311410924e-01,1.662133732920450635e+00,7.983681395552992832e-01,1.949432894428982710e+00,8.518335081766552630e-01,1.180288717042938140e+00,1.428053714925783479e+00,1.670850405173012643e+00,9.544268793902777048e-01,2.224351161770204310e+00,1.253946441929110867e+00,1.757128953309832431e+00,1.143213070604610193e+00,1.764609906903028325e+00,9.642399851514862341e-01,1.836034411713602488e+00,1.262130011941540619e+00,6.712220289188315370e-01,4.886012947131919137e-01,1.249798755888470003e+00,1.493993407727129963e+00,2.249388288923891199e+00,1.869661445454839921e+00,2.087432284276799610e+00,1.767182014295946679e+00,1.500490337512354611e+00,2.302332964805292814e+00,6.483410543327996489e-01,1.677755377805494774e+00,1.847238837517946042e+00,1.927295748863913083e+00,1.299829061598209101e+00,1.505176067607573165e+00,5.832194306455860122e-01,3.795410945211836196e-01,5.241000688223104165e-01,1.373151937554172974e+00,1.512209349735756936e+00,1.417953114439125972e+00,1.870555683837823446e+00,1.454876822808863324e+00,1.683629423932754499e+00,1.908716379519384665e+00,4.601747784873280733e-01,1.683076575843789557e+00,5.761307999533137325e-01,2.990463613028696344e+00,2.081161189392680466e+00,2.716783857707994465e-01,2.229627264865735370e+00,1.309306526396914139e+00,1.921269869957000331e+00,1.838043010309855285e+00,1.130025804533334011e+00,1.176491201768218309e+00,1.137285254767356868e+00,1.891793898861978684e+00,1.255903470245826714e+00,1.256588390615248851e+00,1.074874887269273271e+00,1.242200525305084513e+00,1.852063358450828812e+00,6.498657988617982939e-01,1.416146828744156538e+00,1.278409689288812601e+00,1.787783315073051771e+00,7.670053992121085296e-01,2.697259434129140487e+00,1.740824699808655174e+00,2.117406054763298684e+00,1.423976983253840700e+00,1.354539060083747914e+00,1.405483162833079280e+00,1.744843806866996250e+00,1.359209156023868825e+00,1.218543849043071781e+00,1.077797508621625600e+00,1.695023448199234783e+00,1.119258669147277230e+00,2.003958076006136402e+00,2.685724996160985700e+00,1.083763087896720156e+00,8.119081236351770592e-01,7.359986509802761701e-01,1.781627267437138284e+00,1.546314773909283291e+00,1.432674907343904236e+00,2.235361237725278727e+00,1.996114970475526995e+00,1.764608973886961474e+00,1.545203521887366094e+00,8.096705784402210559e-01,1.282191749395166003e+00,9.877724402268156512e-01,1.844485513606799465e+00,1.455878426922501356e+00,1.306955613828438389e+00,1.324461156770853743e+00,5.673059278480377943e-01,7.594594849287221727e-01,1.469972474194002787e+00,1.419959502735693935e+00,1.454893229315875169e+00,1.105981793222928333e+00,1.182278308014861112e+00,1.668272712506304600e+00,1.799171320169817179e+00,2.024961179013149426e+00,9.750828747351247827e-01,3.766106960287388117e-01,2.466000541718488925e+00,5.667830026123624743e-01,4.626241645740842290e-01,1.704149198338794191e+00,1.268591260770491225e+00,1.490719226733491221e+00,1.073574319082861717e+00,1.091655418330587768e+00,1.172660618392885157e+00,1.278249723670819460e+00,1.725315236763415916e+00,2.044950008343022763e+00,1.475833758905001236e+00,7.159735380436793584e-01,1.577288132992182401e+00,2.300413587033196539e+00,1.944856629023040462e+00,1.178142348678201667e+00,1.534019227213135439e+00,4.052952509589135000e-01,1.033285609734577282e+00,8.783119754430808168e-01,9.063323869704436042e-01,1.514104606810102949e+00,1.539085768568167811e+00,7.571847799540001311e-01,1.459618075622018729e+00,1.225358903003664457e+00,8.636902585313912528e-01,1.473432349455121360e+00,1.150309334633554892e+00,1.069983393621126266e+00,1.409845792645932239e+00,1.159969943354625110e+00,1.228305369905014377e+00,1.848848137730710661e+00,2.016511546274172506e+00,1.898597228512701296e+00,1.212891122738459782e+00,1.064028191699374792e+00,9.489499144306861034e-01,1.523773037688788579e+00,2.421764129427423473e+00,1.871202126617748318e+00,2.721556908554085830e-01,9.254415504147426308e-01,1.599690589895119919e+00,1.942454406952729862e+00,1.702895740802780722e+00,1.239564927171902475e+00,9.983889275402727526e-01,1.831689031754659247e+00,1.172043013326353744e+00,1.454597295897478437e+00,4.727858038729993995e-01,1.443788156174924620e+00,1.330101190605529116e+00,1.111175796109032499e+00,1.755837889255880357e+00,1.141102435945442473e+00,1.138011290978867995e+00,1.867270294231017536e+00,1.731832758533928152e+00,9.481274523974972945e-01,9.886381263942682907e-01,1.332152639024588803e+00,1.506723327104266597e+00,1.637768452960319365e+00,1.602160571220038632e+00,1.505498724900008689e+00,1.368087204251295708e+00,1.036893256029729704e+00,1.872622591813963400e+00,2.527294878136711276e+00,5.846798151399211774e-01,2.289150889236810649e+00,2.715176598124343865e+00,7.392463003112775821e-01,2.288551283852053586e-01,1.948875348355832759e+00,5.084881897988051680e-01,1.020397711938567431e+00,1.327184244892914089e+00,3.009934110246047734e+00,5.883928859916054410e-01,1.775516860666441321e+00,1.580059755540833555e+00,9.540577262971907668e-01,1.257735478785337646e+00,1.277272185173752517e+00,1.329409605583300458e+00,1.422767971523934305e+00,1.087049390351593869e+00,2.963971459263395225e+00,1.756659223730764774e+00,1.213455660486144172e+00,1.845159152113813983e+00,1.580380117146034991e+00,1.987308762546556418e+00,1.914484380729331248e+00,2.317662688007932736e+00,9.599099095303648133e-01,2.579754370563210220e+00,1.857096721830982622e+00,1.924640027803607989e+00,1.963512942170672959e+00,2.145325079689920589e+00,1.778219249198784491e+00,1.366769205186881164e+00,1.443551847210506889e+00,1.448266749891339966e+00,1.385901766466926865e+00,1.312521690728271073e+00,8.229546580003394007e-01,1.592223232773941843e+00
1.243716360601261117e+00,9.192851710142020405e-01,3.481211038919166612e+00,3.126669079843419130e+00,3.385350389248680258e+00,2.891369621401631118e+00,6.344084385261840708e+00,5.559495978275613481e+00,5.061319224795881588e+00,1.109805161895987879e+00,3.409799939829798010e+00,5.436631634776674105e+00,1.916542911342724143e+00,5.547351279775366351e+00,3.074430280347621114e+00,3.125362103008415993e+00,8.324215461590833698e-01,2.399643799263523114e+00,3.054130164452017571e+00,2.465564412331845201e+00,8.853573047927618678e-01,2.450556441682451680e+00,3.565731988818813036e+00,2.008107359828682270e+00,3.361168389811640456e+00,8.009184038135764849e-01,1.885373825398561909e+00,2.401466819961574739e+00,2.990641759878015282e+00,2.935064242180412286e+00,4.581780121655241622e+00,2.309253473222543374e+00,3.967102999169341615e+00,6.653929668040673429e-01,8.535727814380112966e-01,2.382716799707303768e+00,2.644508005522327565e+00,2.673643465606529990e+00,2.754689514081788193e+00,3.279961210257829052e+00,3.591221202947203039e+00,3.176746043833983624e+00,2.366368544187106071e+00,2.498604321569426467e+00,4.130540351986878633e+00,1.945139051226701499e+00,1.316855228630359198e+00,1.713125629054526033e+00,1.728643031747718828e+00,4.015886685380817056e+00,7.092362011268460442e-01,3.927625014828628025e+00,5.479407065698044477e+00,1.981075472009914851e+00,2.974009845445893863e+00,4.016296636968012201e+00,3.902225282171027487e+00,3.972435491623784287e+00,6.836237905576367790e-01,2.988026493866218658e+00,2.706561944815297327e+00,3.561310909044108630e+00,2.172295675769642109e+00,1.139434226770013936e+00,1.855423175883829545e+00,2.284231448009851562e+00,4.068465818975829151e+00,2.439411134419918525e+00,5.064550921847686960e-01,1.318424340462533317e+00,2.112481652209199812e+00,1.611330093945984032e+00,2.047517245051923673e+00,3.041646058587597068e+00,1.841109531015547418e+00,2.704297713596761632e+00,3.956770461435330954e+00,3.109292531267364268e+00,2.092165236314630139e+00,2.581925605348416308e+00,7.575637196722280198e-01,1.640360890050975629e+00,1.647677452393725872e+00,2.575066743940511937e+00,1.655911863622169911e+00,2.160525069788166608e+00,3.536427816994135220e+00,2.216301577747085805e+00,3.164926947557674453e+00,4.307512587307139817e+00,1.854797607668104309e+00,5.199488407343532792e+00,3.935512765055848572e+00,3.371272324122099207e+00,3.579864594069450678e+00,2.327983086369064036e+00,2.326399823689811797e+00,4.641389644208842036e+00,4.799987788185592130e+00,2.132593199714394760e+00,1.758410161723042764e+00,1.531908440237860880e+00,2.891729267928120350e+00,2.029819643902355253e+00,1.991136566815534303e+00,1.383523697168170141e+00,4.110696294183192379e+00,3.226458295009384525e+00,3.108479374652926897e+00,2.666293840321187769e-01,1.842626188640091200e+00,2.813980326607515181e+00,8.973766034805392700e-01,1.733749160031301528e+00,2.732811029283063853e+00,5.200339534443741307e+00,1.521387815001227439e+00,2.474327701549007497e+00,3.162511133550771625e+00,1.367759754984648746e+00,4.790107010500596729e+00,2.656347435792416167e+00,1.243509637868316142e+00,2.556272738629489449e+00,2.858066472517330592e+00,1.990016490959119366e+00,1.416047416401200687e+00,4.001187156209142337e+00,3.262759088608901070e+00,2.728505496064653535e+00,3.067739566456641587e+00,4.440536527952990475e+00,5.108170738933723420e+00,3.164867840624263629e+00,8.372880261048167849e-01,3.920015124028054743e+00,8.956054923363439002e-01,1.710541320510515551e+00,4.349403993291317327e+00,2.939384033422916431e+00,2.153555339736880736e+00,1.852001276909652328e+00,1.370993462364188176e+00,1.458854145315249706e+00,4.262424446849500725e+00,6.591113331012401488e-01,3.347483008766753088e+00,2.733143264824502428e+00,1.273879286647841225e+00,2.965921822973208055e+00,1.565908663938491152e+00,3.685177514262997001e+00,6.581472032213688372e+00,3.107328146864785978e+00,5.678922069129819228e-01,3.756464166829522000e+00,2.569016053946452161e+00,4.660278509416404091e+00,2.234377555528551440e+00,3.165050282558700800e+00,1.009470620447363798e+00,2.713104183854818885e+00,5.294229343988996916e+00,2.947568374957434401e+00,3.780308709294864400e+00,2.945033943170342283e+00,3.180213168088070308e+00,1.928324895408820794e+00,1.790479377826953211e+00,2.596610617075817640e+00,3.386398483306733542e+00,2.390472210780869577e+00,2.715945512577206955e+00,2.418470985436133258e+00,2.617573254673985605e+00,5.096113991682591049e+00,2.280664313864403159e+00,2.102489958816297744e+00,1.517229758997319156e+00,2.354787148815969733e+00,3.419929100044529324e+00,3.749968259484690591e+00,3.447151089071270658e+00,3.559677709059950068e+00,1.986689603720157349e+00,2.055264366986438773e+00,1.914587467631049700e+00,1.510497372977559705e+00,1.520079216940686706e+00,2.542532585021373137e+00,1.914798169337636580e+00,2.655556243876181721e+00,1.291010058570066565e+00,2.333232792976274173e+00,4.420799845875262868e+00,2.891495604482580806e+00,5.652354968169274407e+00,3.769187096240809165e+00,2.398047465072433937e+00,4.950638974976983242e+00,4.077446806494504083e-01,2.352516833615776903e+00,2.931396579705079830e+00,4.048534944929158996e+00,2.340796994610421677e+00,4.308108445985569190e+00,7.982572370934233330e-01,2.674506079207302989e+00,1.087479635258624455e+00,2.538063995450302368e+00,3.854077730247167821e+00,3.747395979377900144e+00,4.480942810067054083e+00,2.821576881089568278e+00,7.767952159224544850e-01,1.610465571749200908e+00,2.209128826813784752e+00,2.798026783818740704e+00,1.499237009380113728e+00,2.188091678299893594e+00,5.144230095456250318e+00,5.438967323688824740e-01,2.694541596154217622e+00,3.216956495565178820e+00,2.732164537514104818e+00,3.887624601029807891e+00,2.804118699597644149e+00,1.948098821866225627e+00,1.542170602684774572e+00,3.350077031985434939e+00,1.640674702691378162e+00,1.110190000122027731e+00,7.251135649362715485e-01,2.501454273933494843e+00,1.034990842061900285e+00,5.705092433768682803e+00,3.086875175446500918e+00,4.036367004597592789e+00,1.916719573848432390e+00,1.893178011800752403e+00,2.884827878247150590e+00,4.093263930151715968e+00,3.802244868244384790e+00,3.006299839479065206e+00,4.730014210720838719e+00,2.556297777597166476e+00,4.677576180866662270e+00,3.179641981742797885e+00,2.507527347815282859e+00,1.982621326244229820e+00
2.027362684499558032e+00,1.696410199987731682e+00,1.152126942968659806e+00,4.036452552167495433e+00,1.131326071022336954e+00,3.020768926805833310e+00,3.177069438598345119e+00,1.565288706923314122e+00,1.028389125221412348e+00,3.176712730271090024e+00,1.249837506369675832e+00,2.975518451557310762e+00,4.449279081320676177e+00,2.695072612456459460e+00,1.242146827112199814e+00,3.112827554322476598e+00,3.565126569420887570e+00,4.733022255710496395e+00,1.622743731798694578e+00,3.147351258677309804e+00,3.016721414669564894e+00,2.308289549368003790e+00,1.223824704406179187e+00,3.115010556459633317e+00,3.421403659715762213e+00,2.846391954377609945e+00,1.775798290730226103e+00,8.471260141880970762e-02,5.461512363395821801e+00,3.792698195327160349e+00,1.074847844237940109e+00,2.296812949063616216e+00,2.556728571592853605e+00,3.048530478129638510e+00,9.168286663750548904e-01,4.860985615858395281e-01,2.222523911513056838e+00,2.430989163568720635e+00,1.259581447145392774e+00,3.266780378245045746e+00,5.234376581851517329e+00,1.270697467525377933e+00,2.297518914055452832e+00,3.052212352105614812e+00,1.248321279020851104e+00,3.211173947785408878e+00,3.015339001280247899e+00,9.831348015533335483e-01,2.658696495688816164e+00,2.950572968822446462e+00,3.636036170189576033e+00,1.767430984354383394e+00,1.764290264770219885e+00,3.096184556014403011e+00,3.402733405165665026e+00,2.567050206992157690e+00,4.213629437033793224e+00,4.928102727041387965e+00,3.874636958795103947e+00,1.101424972628417764e+00,2.484245205474914009e+00,3.018686673898816508e+00,4.280669510418323220e+00,8.099634450863714141e-01,1.757593693704138094e+00,2.527684615881339081e+00,1.508519191590069308e+00,2.179755820770643560e+00,2.938770032071611915e+00,2.160249680193576438e+00,3.358208488483202636e+00,3.432292601014248046e+00,3.460119062366700415e+00,1.608928218022467549e+00,3.234908933082819349e+00,3.032909649285182585e+00,1.528986867961316776e+00,4.060843058888210066e+00,2.429563325442878785e+00,3.156020955567400144e+00,2.175774237103248687e+00,4.385188197752849959e+00,4.228616919096775284e+00,3.462915144802961809e+00,1.127649783850497522e+00,3.507956955651454489e+00,2.654789333866856449e+00,3.764740689594516354e+00,2.257431670346919717e+00,1.900489726972018678e+00,2.251575866160723471e+00,2.496256679742729023e+00,8.966692784988556930e-01,1.307792263789665954e+00,2.991761752005362318e+00,9.486422237802538682e-01,0.000000000000000000e+00,7.113902268385554617e-01,2.394193507577291768e+00,1.704207450414629843e+00,3.347240412621306227e+00,1.326028747163908283e+00,3.403375430394580015e+00,1.663552561081391490e+00,2.413767870461259513e+00,2.432366942309247548e+00,3.111369354146590105e+00,3.271752472278431689e+00,2.818351209975867189e+00,2.950960343312027501e+00,1.927443182271254107e+00,4.344957486569878569e+00,3.250304917838582774e+00,2.987171568078956785e+00,2.290266678677564283e+00,3.882804637135586656e+00,2.330269322768365736e+00,3.577565999743242298e+00,4.092411452157327822e+00,3.711176520469961826e+00,4.021308623582007691e+00,3.296817801485000032e+00,6.872197531322812303e-01,2.748952592378503645e+00,2.275617434096532055e+00,2.471370004940502962e+00,2.776598961788217412e+00,2.160579560830742984e+00,5.012702051088885113e+00,2.301599240637130617e+00,3.716745861561786324e+00,1.691093560112608474e+00,2.594278333310179097e+00,2.134157719098085160e+00,3.591370136988288664e+00,3.895980286092587619e+00,2.269028611490607972e+00,1.827414714247029615e+00,3.081187711264818496e+00,2.404324355573103755e+00,2.595394415717421577e+00,3.206873358928124862e+00,8.782920734424926046e-01,8.643988339128109155e-01,3.625659593492508215e+00,9.566563594059060982e-01,2.998578170604415227e+00,2.538640961917020267e+00,1.914034536184733959e+00,2.864898885224105740e+00,2.939241101285642976e+00,4.084834337251045611e+00,3.863152065264808588e+00,4.278112925991019111e+00,9.320160784671768228e-01,3.739482018141091935e+00,2.511777504918607740e+00,3.164258964078552339e+00,2.577090842577118401e+00,3.103930015425787836e+00,2.346369954831929672e+00,1.816058758790586758e+00,2.076472030338019970e+00,3.843843123352989721e+00,1.125033365591521228e+00,3.871686333310846440e+00,2.855131233487183895e+00,3.011252335087405196e+00,2.188125442094701611e+00,3.029991735128283459e+00,4.096773731518037920e+00,3.734901511486568015e+00,4.388965793286575767e+00,4.767062786474253855e+00,2.854290167534884404e+00,3.247252611483887108e+00,3.339934616238787068e+00,1.738697308665994257e+00,1.578870789829127208e+00,1.944033903489260195e+00,3.395800824887484470e+00,4.206312008259327051e+00,1.746603067928069519e+00,3.797623733820347347e+00,3.965795797524965582e+00,1.975791260569547791e+00,3.015738050291599137e+00,2.606577577554578085e+00,8.933490961229220151e-01,2.920928546620061628e+00,3.379844532882448238e+00,2.136943774441210309e+00,4.231695818454084268e+00,2.374004738937506520e+00,2.825055767803522411e+00,2.784766353781153558e+00,6.788821692892840209e-01,3.139451692244377146e+00,1.979522991826795142e+00,4.424950232965338515e+00,4.116854968331255193e+00,1.835540631145766266e+00,1.630021799666724780e+00,4.457883174118105529e+00,3.474494220994577276e+00,2.927853230419318109e+00,2.032645631770468864e+00,3.811908437536986938e+00,2.876339052520018313e+00,2.146710271122882485e+00,1.352552355715417765e+00,1.236617931630042744e+00,4.711678678484028104e+00,3.961356960700083363e+00,3.475270812746507065e+00,4.038705191339140299e+00,2.595359631049452886e+00,4.651128089316973468e-02,4.007104589373408743e+00,3.399427600015957562e+00,3.959792085176247145e+00,4.346480605211663573e+00,2.186428695250416165e+00,3.390404267215525014e+00,1.335786726949289793e+00,2.082094276260885390e+00,2.245552584246949035e+00,3.327382242202961748e+00,2.568529559840649235e+00,3.144274757559403000e+00,3.717364390548296704e+00,2.538011013555423911e+00,3.565848508612306400e+00,1.817225892385998520e+00,3.844288107564588497e+00,3.411856424379569042e+00,5.180255770347423017e+00,2.498236889136936867e+00,3.840632610745267517e+00,2.111556893343933261e+00,1.865535956431965570e+00,2.836708806207926536e-01,3.274977817562350957e+00,8.386168565722795787e-01,2.944262085318944067e+00,3.078985569726754079e+00,3.971048061236466253e+00,2.624227218687540830e+00,3.950381631343505617e+00,1.375894943238492818e+00
7.176577720796005089e+00,8.284212787961376279e+00,4.687418260513338986e+00,7.346193940585910021e+00,7.866315944467441312e+00,4.747149035023027430e+00,5.328130888725478798e+00,7.388224778666478088e+00,8.593163747387029261e+00,8.739882969630695442e+00,6.771941102876929186e+00,2.269410396428509280e+00,9.413537371759298722e+00,9.708881231027159942e+00,8.656941463990346364e+00,7.117449583880709696e+00,6.501869582540503734e-01,4.986068326212055979e+00,4.491828255790736080e+00,2.873539300587405254e+00,5.628549343281491701e+00,1.570062388440190082e+00,6.586112450431964582e+00,7.488978947132793884e+00,4.506513971775546246e+00,2.546868617106171406e+00,4.708773283398851817e+00,8.260039106499020178e+00,6.835319264260639294e+00,6.479167416473891272e+00,3.393166724099408782e+00,4.955373564057408586e+00,4.378628854066445086e+00,9.567285941806911609e+00,1.223587758217374244e+01,1.067260379490594602e+01,4.162919372204920698e+00,7.218926169332390508e+00,5.596871715021048743e+00,4.600603655486896315e+00,4.412903357338927357e+00,4.094802927707462459e+00,5.205646758657701767e+00,4.533079696121482094e+00,5.250195647515295327e+00,5.985049607325362508e+00,6.823529795639778683e+00,4.594625103757841167e+00,5.835546813655680509e+00,5.870629099823942987e+00,7.137139333120584794e+00,5.171554415727579901e+00,7.182331356672651879e+00,6.399549875739243276e+00,4.647514349653143917e+00,3.276523862086815342e-01,5.961638388038481118e+00,6.274173373702898182e+00,5.877993912472624594e+00,3.864160476669990629e+00,2.592503588517945268e+00,6.173807381607273825e+00,4.799290341038815022e+00,7.560011686130120090e+00,5.202875294691496677e+00,6.498740797510460965e+00,7.950106395003984971e+00,4.974992223334683494e+00,4.372231314934317048e+00,3.261686245456782984e+00,2.959207539143146715e+00,6.959792304857970180e+00,7.534722826384690819e+00,5.635680799657320605e+00,7.823958637639578662e+00,8.031072912557473131e+00,3.200053127107538753e+00,8.784682675408740593e+00,1.038570106566004547e+01,6.222309778441516670e+00,2.470714141438792311e+00,6.162458543851880854e+00,1.038595849169177221e+01,7.158183198362470634e+00,9.632473288024577585e+00,6.491841393038149555e+00,7.735785817779782469e+00,6.556681343881063384e+00,8.164120561245873375e+00,5.100439226206183285e+00,6.628466084151201976e+00,7.522924184028855876e+00,7.137089157429929998e+00,1.699918400331415391e+00,1.382046359747496567e+01,3.689211007838624212e+00,7.268248933125568634e+00,6.722622609306419861e+00,3.792317262262971944e+00,4.830023828491803783e+00,6.270376986100306915e+00,5.807579247933550626e+00,5.869668622226461352e+00,6.429071835435827609e+00,6.062132896909421476e+00,5.798182068303137093e+00,4.898853956276490784e+00,5.654731127938979363e+00,8.663999410919508648e+00,7.003384035296483567e+00,6.244951210624128279e+00,3.442821914674700778e+00,7.422244839577651021e+00,3.987641571278739416e+00,5.839209847009957599e+00,3.001705401627551950e+00,6.301312532941108380e+00,3.141022472612118754e+00,4.195975844712398484e+00,6.842559205905798692e+00,4.899949300823983833e+00,5.766796168114391996e-01,6.725086141005704121e+00,1.453491498115625058e+00,6.049861781613648404e+00,5.372307147683680562e+00,4.948118713965500959e+00,2.530898071785727232e+00,7.438267687037404485e+00,7.210876028437640528e+00,7.261781797492435686e+00,5.175549672796836198e+00,6.393422628942362351e+00,9.690244618088160067e+00,6.098484268912875983e+00,7.865480349804135685e+00,1.523032044017735176e+00,3.054091163380028284e+00,1.106481071765644586e+00,4.814337043188812615e+00,6.510263045459746323e+00,4.508413245996393037e+00,3.957189749612450846e+00,5.061040595996364466e+00,5.206697783971475424e+00,7.536830652235360084e+00,8.611772854099244423e-01,6.529603598275168785e+00,5.090551047377877225e+00,9.068323500222223998e+00,1.023241839258633767e+01,8.736242235705978132e+00,4.389534752943967000e+00,4.490815935549244742e+00,9.492679401493289149e+00,7.904086791106126775e+00,2.943799499680948450e+00,6.430148352637722553e+00,4.430786741314201471e+00,9.121829940297356387e+00,1.354503080352212052e+01,3.499147781161717763e+00,8.155531258869556765e+00,3.243568723584564051e+00,9.138985048573294634e+00,5.123653736381696966e+00,7.556218927893369575e+00,4.078820506500848708e+00,3.219185039146309713e+00,5.886055674309480956e+00,8.859409307942014422e+00,8.509910662362957012e+00,1.753816273516881408e+00,9.460507192386593545e+00,9.151270227838928406e+00,5.691927374335990386e+00,6.774467476656990783e+00,2.996992315864090095e+00,4.097146282467672762e+00,8.415422524357573764e+00,7.031747056567524190e+00,3.878652715358290148e+00,7.691860626702166748e+00,6.060028153919636118e+00,7.251398342196832658e+00,1.463631002458379404e+00,4.266745562260433111e+00,4.310397661135568548e+00,6.119676055016375571e+00,7.614000695716094391e+00,1.222322949892148714e+01,6.869053299375337041e+00,9.509267169480128956e+00,4.962624860635711066e+00,5.167732844027389305e+00,6.747568080241332922e+00,5.196220700041004115e+00,5.286817881220949644e+00,5.292084789827024238e+00,3.844911286199054201e-02,9.555549245566355765e+00,6.084991941674759985e+00,5.953858843040093163e+00,7.607636253151728312e+00,8.254950716988409098e+00,6.434358554279872244e+00,9.434184923995013961e+00,8.783725608873284685e+00,4.967750618591114886e+00,4.627025724423421416e+00,7.102928124778086882e+00,8.565792791682701690e+00,4.280463730550081891e+00,7.707061096708248904e+00,7.279173776350569725e+00,6.755502595822449940e+00,4.018247247568402791e+00,7.447721458786599413e+00,2.337817645591834470e+00,7.793859940474531456e+00,8.655271250200240019e+00,9.105272590719144077e+00,5.871134618547038997e+00,7.047786908959749574e+00,7.863162844382077132e+00,8.134691514105618637e+00,4.579901050479831426e+00,6.854748692758818152e+00,9.326055970768981851e+00,2.896093213708802239e+00,4.524121730829770094e+00,7.630972141286171073e+00,8.407870871527398648e+00,5.996176822649688987e+00,7.025860453485636370e+00,7.991896646045328012e+00,7.326006257721810577e+00,2.460034566260670630e+00,6.484774904264496875e+00,7.577042848387143259e+00,7.671467319803885410e+00,6.661446584119916636e+00,4.498529036233465561e+00,6.947929245584103519e+00,8.441383158175973733e+00,7.912353780905886147e+00,6.057592235990478358e+00,6.252777307358099002e+00,7.125641434920915174e-01,3.213563927739936155e+00
1.389148645493575884e+01,1.512712645432738690e+01,1.635253035077206718e+01,1.553573280936020851e+01,1.351768843783792384e+01,1.485119505411372032e+01,1.212978653135448681e+01,2.471508993289544520e+01,1.795739186974603641e+01,1.929458668101325003e+01,1.988206699783877340e+01,7.804815921550527058e+00,2.705862210411567759e+01,1.169549797501524502e+01,1.345493187305900484e+01,1.362412697134003636e+01,7.295374618116460042e+00,1.293979825073184209e+01,6.809590752801331526e+00,5.892455614417960952e+00,1.151463992780959167e+01,1.743457884968661986e+01,1.505520458442856579e+01,1.680345961487668305e+01,1.684049073111430417e+01,1.383037920249602593e+01,3.646616399325954383e+00,2.579394808993502863e+01,1.127072691858915299e+01,1.226616105858816042e+01,1.533642683874349011e+01,3.769435569595035673e+00,2.639849888264264521e+01,1.065374055349703220e+01,2.877294727649611161e+01,1.998203504866273761e+01,1.369150447669258774e+01,1.245226547307069431e+01,1.513482324014054292e+01,1.795922841359048050e+01,1.947417159909907269e+01,1.388882894176584948e+01,1.307923342733030303e+01,8.242015251410261811e+00,8.213086492794580806e+00,6.728553265678416828e+00,1.865079520722335715e+01,8.428003311720123847e+00,1.255147698983285309e+01,1.506837670226557080e+01,2.044275825616078990e+01,1.426912315230955741e+01,1.123429782954486456e+01,1.473889521515490131e+01,1.532953279453143303e+01,1.759941763805916537e+01,6.113184836484739648e+00,1.936854671234379310e+01,1.335026135072764575e+01,1.102693714670145653e+01,1.309201036646822303e+01,2.104551289808691550e+01,2.270326116596475785e+01,2.022324066254860142e+01,1.259083814926132483e+01,1.479908277594156374e+01,2.000472271321531537e+01,6.714122321812768135e+00,1.388469018090317952e+01,2.107272746577557498e+01,4.596669535131925777e+00,1.137180951757910918e+01,1.371015771982750309e+01,2.613760417997095686e+01,1.476914135528946659e+01,1.733846829745241180e+01,1.770502904622176388e+01,5.003804937809742448e+00,7.246359044764215440e+00,1.174244912751775338e+01,6.860466063238820134e+00,1.208523306254618390e+01,2.455505520976526057e+01,1.473528575877306146e+01,1.520961170839018273e+01,6.858706788146232469e+00,9.040240845922225432e+00,2.092970003605190499e+01,1.661356184964795446e+01,1.127486373296013333e+01,1.402378620387560026e+01,1.545091432161980727e+01,9.033742294267527839e+00,1.367185456119656450e+01,1.529386944584292962e+01,3.690031254059957355e+00,1.946944645228921900e+01,1.698647138095165232e+01,1.516855897431917555e+01,1.077204237809996634e+01,1.981348807568329562e+01,1.392459642115078822e+01,6.597785290236996225e+00,1.083639528522311579e+01,1.688156407373682200e+01,1.380702585476183231e+01,1.137293681502985443e+01,1.836530956521492186e+01,7.864161373588538062e+00,1.920681567737611317e+01,2.560131076435496666e+01,2.554634602249040753e+01,8.928945840766486342e+00,3.114689911623899299e+00,2.494461130362366319e+01,1.577377638513433666e+01,1.770328935861359554e+01,1.727670090496550515e+01,1.708238379125130990e+01,1.613902433840060979e+01,1.479859095809923808e+01,1.614766995117647141e+01,1.354704285516248419e+01,1.072818699001650700e+01,1.737150591447577241e+01,8.936146364285461274e+00,2.127878906459238273e+00,1.921158249246060024e+01,1.569655743811772197e+01,1.600870337077084571e+01,7.748253831993300977e+00,1.043473707181414412e+01,2.389528666297029957e+01,6.732719583802698970e+00,7.704302360684483375e+00,2.685816720812517389e+01,1.224275663942251136e+01,1.094870395891973835e+01,8.122896242905571995e+00,2.163456553984410391e+01,1.170472664873932978e+01,2.452984813019056176e+01,1.402803172601478288e+01,1.235455698566346960e+01,1.791544618854489102e+01,1.995168867566168558e+01,1.967807828290733241e+01,1.376381304100202740e+01,1.583553472045255361e+01,1.106776355001355583e+01,2.309758728658199445e+01,2.314555936606538467e+01,1.516143069104599661e+01,1.925989223094774871e+01,2.150768154765939855e+01,1.808846367213891781e+01,1.842078319246530871e+00,1.159169643277348705e+01,1.530345298354570360e+01,7.209282818670572190e+00,2.050382587957151870e+01,1.937859618022375585e+01,1.246111474546578535e+01,1.976515933339619480e+01,1.469015366211844942e+01,1.143294854618062395e+01,7.886751975008607474e+00,5.811457790517214228e+00,8.364722205819019152e+00,1.389411530949871931e+01,1.200109315744690797e+01,1.455504257552739311e+01,1.462624308112867055e+01,1.353609039487079357e+01,1.825275470024362434e+01,1.391238430766501821e+01,2.145255194956433442e+01,1.304386126930550560e+01,1.219434835273504270e+01,4.964139508863098627e+00,1.029848835339931412e+01,1.093197877480914748e+01,1.206805786984879703e+01,9.134978172579680589e+00,1.719258151460592998e+01,2.542652311916901198e+01,1.108466822009098962e+01,1.336910183926600837e+01,2.157485512768703373e+01,2.364027443736996403e+01,2.312142153563334901e+01,1.383393851625527660e+01,3.116738651099846713e+00,2.588169772139703184e+01,8.429391021314723176e+00,1.702670265984509967e+01,2.060618873623848302e+01,1.550355785650979001e+01,1.240483752955791275e+01,5.099972346201836260e+00,2.289075762659366475e+01,1.776393351178196411e+01,1.968417433639447722e+01,1.671560018433239136e+01,3.109670035182680436e+01,2.734197361985093977e+01,1.336042733437940555e+01,1.816369982541471373e+01,1.002415368464826173e+01,2.466959261326390873e+00,1.470177925565727683e+01,2.130359075862516960e+01,1.245543375428890620e+01,1.544324522740459216e+01,1.579660791538749010e+01,9.955564598998186909e+00,1.040920172048435255e+01,3.105336037674909377e+01,2.838950562240362885e+01,4.984132252611901848e+00,1.745007681141120770e+01,1.922071378577841827e+01,9.892266272741123245e+00,1.178706552882109904e+01,1.469357641117312596e+01,2.198306533590427492e+01,1.524029100784800406e+01,1.495616308748657630e+01,1.029895643849541109e+01,1.672487572324946115e+01,1.078314827809402310e+01,1.536293918175786288e+01,1.639375112382001731e+01,1.953341767600653611e+01,1.966801807269934699e+01,2.284302066764393757e+01,2.891773170483373789e+01,1.740996463741431199e+01,1.724204499347034414e+01,1.402685100541144969e+01,7.899554430924657922e+00,1.703359913731179276e+01,1.020847915706727349e+01,1.761261737270296379e+01,9.374568121669851095e+00,5.747869566150423992e+00,1.851947241946751888e+01,1.557472592423728841e+01,1.234862375562019565e+01,1.468526467821057402e+01
1.321262822160982076e+01,1.145739685571785316e+01,1.363486011439534984e+01,6.149679816191796711e+00,6.755263114476891317e+00,9.711492918279372333e+00,6.613016962432469725e+00,1.929777171501539712e+01,2.066517955902944337e+01,8.945019413876474701e+00,7.657366664774875709e+00,1.005947384088649699e+01,1.565257824167065692e+01,8.150263841282662014e+00,3.929947588802806813e+00,1.076005844815455248e+01,1.124359919663535656e+01,1.298286434099867215e+01,9.796290298912731842e+00,1.646589500486383173e+01,7.087165967568756386e+00,1.140846214833922723e+01,1.298217864271308386e+01,2.961591191218418739e+00,0.000000000000000000e+00,8.255683824409583593e+00,5.739725657958982374e+00,1.270977892009574894e+01,9.618862770336932044e+00,1.396033877021809211e+01,6.345953571320551490e+00,9.773203847557592638e+00,4.920878603081991542e+00,1.749027717528553794e+01,2.046254447539700205e+00,1.696896724270458989e+01,1.424949789487503082e+01,1.004793780028270511e+01,9.770404016188901863e+00,1.639637200695866426e+01,8.728837258365622631e+00,1.619363278270358819e+01,1.413036983395608104e+01,6.905919694927866281e+00,6.410050275526860020e+00,6.928186271776178629e+00,9.932268605132493988e+00,1.553348195380873520e+01,1.100897235709701683e+01,8.950634430386589457e+00,1.505326884821847955e+01,1.328098625443114855e+01,1.052512566193571963e+01,1.247206277020870147e+01,6.325374367334500647e+00,1.190563364740449082e+01,1.140329333356612374e+01,1.388371044379806563e+01,1.045172170142249080e+01,1.087594547315618421e+01,7.273482373498251441e+00,8.397302142821970961e+00,3.859377673313406643e+00,1.083478268514359399e+01,6.294653037024084519e+00,9.454280102501320115e+00,8.064167182046912075e+00,1.743424054005966894e+01,1.258599604884892642e+01,1.192749843239674590e+01,1.039577835721185295e+01,7.785102919718603687e+00,1.146944082331004466e+01,1.028439866344907649e+01,1.212334750629240965e+01,1.148823946091695269e+01,1.258891003768541239e+01,1.271890662903554947e+01,9.275306756690456567e+00,7.393702616095176872e+00,1.173018108936573789e+01,1.006894004152289135e+01,3.562031779138953524e+00,1.162308160310795913e+01,1.423700971089981593e+01,8.378252360074437632e+00,1.016465873920862428e+01,1.353088159954204528e+01,1.182258863190050491e+01,1.576079839767723811e+01,1.266512718950869854e+01,1.557931131622246923e+01,3.757760579068877282e-01,1.039647262033700947e+01,5.344764171457062396e+00,7.002187584631091255e+00,2.101045435945736628e+01,3.743415949572856505e+00,1.097633455798502311e+01,1.106261053686701601e+01,1.049254515502637730e+01,1.686271673645577707e+01,2.175535256681428997e+00,9.778143187766129785e+00,1.314446203125746493e+01,9.874485328987129051e+00,1.160456034102341683e+01,9.486527734177862214e+00,9.902160451687205267e+00,1.333601139354884069e+01,5.209137266287495294e+00,1.142754520180500855e+01,7.060467529007293130e+00,5.389743440362596338e+00,7.793699684090709567e+00,1.042034997072234148e+01,1.195562422456724505e+01,1.026421178399162137e+01,1.096686721352235594e+01,1.477988037446088754e+01,8.530350101952464570e+00,1.265581706335808043e+01,9.665581521025641720e+00,1.188542478213571130e+01,6.293939636078250466e+00,7.966620627961956913e+00,1.401594668235667029e+01,1.058796048763422526e+01,1.531859110320322337e+01,5.370191355938397137e+00,1.702272438536845556e+01,3.641478262679324285e+00,9.250026411552937589e+00,1.681336455436543176e+01,7.042485608497683458e+00,7.547736605828315071e+00,1.462256525666975016e+01,1.883301732338492940e+01,1.116317520917609407e+01,1.545324101940810380e+01,9.767910032624993022e+00,3.126880235371923611e+00,1.376347802011873966e+01,5.694531960591307396e+00,8.788430474030461070e+00,3.804079116578009234e+00,1.174467280408550351e+01,9.590983684942848697e+00,6.609366887028158999e+00,6.854920639009841388e+00,1.355383727113602887e+01,1.106812770018444247e+01,7.766434643602525334e+00,1.088546196517885889e+01,1.233357361838431920e+01,5.146271807085403438e+00,1.422042089789048269e+01,8.952449596545143606e+00,1.035059003995899829e+01,1.665099829509998131e+01,1.691044559961346749e+01,6.813425315853660180e+00,1.693882490485789560e+01,7.940816464797416430e+00,1.716224903546206448e+01,1.287499501784402689e+01,4.137774320373742931e+00,1.812623551124383781e+01,4.426827115277497171e+00,5.759282941349098017e+00,1.157265470017585685e+01,1.130360309821411491e+01,2.520267640790428487e+01,1.834269541337824094e+01,1.082334613894522768e+01,9.340102252264088634e+00,1.039545624178586714e+01,1.831401441309200706e+01,1.479001518697440787e+01,7.917308193787181203e+00,1.271122925348358379e+01,1.374007522516559909e+01,1.210571192666704476e+01,5.565124923570757609e+00,5.689717791661768054e+00,6.438450242356763553e+00,8.146056835843245025e+00,1.121142586672073094e+01,1.083693257807605725e+01,9.540851578972549873e+00,9.831582766505402304e+00,6.329708992181830141e+00,7.120360166863486384e+00,1.880328925064167223e+01,9.251053112072671780e+00,1.341501781503631108e+01,6.874325547428342453e+00,1.073509315022324628e+01,6.209387813662103461e+00,9.308325312886353231e+00,4.789524101302932380e+00,9.164537120832747519e+00,6.118081236917231713e+00,5.514800721167580022e+00,1.283456282993849840e+01,1.594310250450103439e+01,6.990066264095666781e+00,1.500653039793369281e+01,6.619634965268264892e+00,3.909505080930250287e+00,6.589881189145236462e+00,6.148946192045160686e+00,1.822373851441565407e+01,7.671863494760373658e-01,1.483243571181318465e+01,6.098655051643181224e+00,6.903454882966637562e+00,1.608053153370973476e+01,6.546216989951180842e+00,1.257547227705859072e+01,1.646543941265185751e+01,6.622609642053249424e+00,1.610104299389485050e+01,9.447540137141285044e+00,1.163040521924904525e+01,1.093006911850916119e+01,1.116507646883085059e+01,1.251794644143791047e+01,1.173665638341202033e+01,9.840485289295148874e+00,7.844560296035380631e+00,9.717746129068963512e+00,1.165622705670618764e+01,1.072263994521550146e+01,6.621968174553259701e+00,1.224915609136400008e+01,7.372307115248610820e+00,9.846631665964320490e+00,8.465306794086160380e+00,1.390878188705549157e+01,1.103599177498459838e+01,7.420792411495308549e+00,7.949078084947140077e+00,6.636076966193582116e+00,8.191678201601170883e+00,6.453103525776224814e+00,1.073921660923059562e+01,5.444799232230705499e+00,8.941002837939931780e+00,1.315075918498794039e+01
1.684040514742848060e+01,8.095901442735346620e+00,1.325311584048561464e+01,1.527671038650408342e+01,1.923835212545395734e+01,1.295057654733752983e+01,1.400561997433931793e+01,1.729183979866269993e+01,1.847363302785558403e+01,8.445028592232123543e+00,3.923803966546557387e+00,2.325569904660459386e+01,1.334136945152119580e+01,1.055675864388112117e+01,1.085292595892343215e+01,1.025757206959811896e+01,1.401673159497486054e+01,1.276746822258099279e+01,2.182368349260562823e+01,1.584261948314054891e+01,1.745752411120765346e-01,1.877217600746001125e+01,1.167976679375519566e+01,1.967922041744963124e+01,1.656865121675328467e+01,1.625146981113118017e+01,1.714230328885072652e+01,1.421042018245882410e+01,1.614415334186623951e+01,1.188843878641831253e+01,6.033510154538483938e+00,8.704794544630338748e+00,2.340064613321245091e+01,1.792358034218610641e+01,2.462905496961060692e+01,1.022638661940685800e+01,3.011772022857219788e+00,1.289935356452031812e+01,1.086316920609350056e+01,1.116678229092689545e+00,1.391049424925935973e+01,1.249518422843754273e+01,8.719895620450211382e+00,1.124337088256656791e+01,1.882503012516473717e+01,2.555762587472107228e+01,1.469342376408444473e+01,1.140469291458017942e+01,1.784323455938678293e+01,1.723742337815651382e+01,1.413763880741540113e+01,1.332772750712140386e+01,2.726162649216996670e+01,1.768455301925623502e+01,2.082735829624606438e+01,6.927822057044837223e+00,2.588228793106190295e+01,2.306066439289115522e+01,1.421781599301952781e+01,1.449930999288034172e+01,1.380803103536885423e+01,9.409513419463968020e+00,1.602817450144328149e+01,9.295591169037816570e+00,9.728749701439280528e+00,1.763213687332678248e+01,2.626381567546608764e+01,8.947791071155867471e+00,2.352452821605511701e+01,3.079731730200612105e+01,1.287803027329277228e+01,6.073402444061985150e+00,2.439675838909710137e+01,2.746335034977782286e+01,1.525515909256666092e+01,2.198332979151993172e+01,1.437476084605897775e+01,7.107691262993913739e+00,1.595708444860713371e+01,1.219983583596237153e+01,5.112832466680158561e+00,1.563745564116159414e+01,7.245443730267836280e+00,1.470326123958598075e+01,2.540923194688367204e+01,1.729890110544466353e+01,7.160235563674275383e+00,1.274818804255291127e+01,2.800115090815267038e+01,2.281475890151200758e+01,1.568518518992178379e+01,1.073025602414145752e+01,9.969048905917027525e+00,1.147737407218932937e+01,9.958672995097890279e+00,3.532365242043235654e+00,1.441525477301206060e+01,4.576791663258410914e+00,1.888095178275808195e+01,3.220567855827668780e+01,2.047259267993387866e+01,1.543361473105211878e+01,9.717509907077525710e+00,1.267953022215448122e+01,2.018774316372144995e+01,1.300063634439973370e+01,3.454189828085524105e+00,1.055497879934303995e+01,5.126360984826598077e+00,1.231612874296057925e+01,4.675154975571901517e+00,1.490884080780966414e+01,1.233663391271175414e+01,2.304692970180373024e+01,2.052953392989916281e+01,1.348100397699962016e+01,1.608780566339028084e+01,1.801003201452659397e+01,1.661220577554130529e+01,2.428622495165233985e+01,1.615282915128145547e+01,1.329374363655046665e+01,1.598876654157512256e+01,1.890875569129929090e+01,2.390348797101984957e+01,1.538466801339650658e+01,1.194659055862773123e+01,2.227027365047470653e+01,1.490551044055195007e+01,1.627315749748726503e+01,5.351491316095388306e+00,2.782926739837568775e+01,1.955769295200822810e+01,2.135507388669980244e+01,1.652249323065025166e+01,1.319098971465570358e+01,1.906527002666278747e+01,1.433020521330961827e+01,1.794990132211369627e+01,1.557614374885149644e+01,1.905659823906208672e+01,9.271196432547846200e+00,2.038987572008169380e+01,9.576379199832006250e+00,2.628098018488926613e+01,1.662506010402230316e+01,2.099451961291166668e+01,1.649066491519214850e+01,1.388350075561530694e+01,7.027079361468454799e+00,1.447952283051427713e+01,1.559576852685206028e+01,1.612425859905084025e+01,9.992677296799527653e+00,1.851290033806496282e+01,6.993883471111983496e+00,2.074314670985242870e+01,1.395219056870338648e+01,1.469688287627833034e+01,1.758599478940400473e+01,5.133197445710498741e+00,2.612958771903370803e+01,3.725546957355383437e+00,2.628743878229390774e+01,1.739026547699609182e+01,7.936679463487354980e+00,2.397559650975623313e+01,5.479563014026676449e+00,2.226933979483168002e+01,2.426312096841832400e+01,2.324231536988875035e+01,1.185097425426637230e+01,9.561839052749567358e+00,1.151171918854788068e+01,1.977218881102043824e+01,1.426833730748649387e+01,1.394180645364754945e+01,9.576858661048888166e+00,2.122852266474290772e+01,2.550681808543712137e+01,2.425317474625004621e+01,8.390680458623673843e+00,4.618714481155555829e-01,8.603226709677684880e+00,1.523799907754102989e+01,2.154215285616392528e+00,1.523200756982316229e+01,1.875656433811240831e+01,4.611094079974554560e+00,2.171781025877448101e+01,1.436747764578701236e+01,1.662431929956203547e+01,5.346192398940855739e+00,2.115099215809281219e+01,9.014037573612908361e+00,1.228572810676079285e+01,2.126914836680084164e+01,6.279072375983491661e+00,3.831811087629913004e+01,6.331528415770367957e+00,2.870533074855901923e+00,1.543380009872976899e+01,1.623576009780125418e+01,1.769253569288519401e+01,1.907138717393836913e+01,6.946584937468655241e+00,1.802051423825299281e+01,1.875684374742663607e+01,6.484251635650570833e+00,1.214128068754265755e+01,1.720058471631590891e+01,2.460008669236005119e+01,2.096534077269602392e+01,1.702568487348155912e+01,1.157595796854729464e+01,1.191990878990545966e+01,2.270946268726956063e+01,1.521834195668924927e+01,7.719164611899794082e+00,1.425849638149313314e+00,1.766507100693717547e+01,1.828732769011607218e+01,2.154901787737659902e+01,1.867802935396121455e+01,1.701330757546654482e+01,2.274142747975026779e+01,2.301845366628279166e+01,2.290861802846033157e+01,1.988026356530929561e+01,6.494247610594579001e+00,8.902985030685480083e+00,1.146181962199847959e+01,1.013160480204343017e+01,8.941709699432855984e+00,1.200257574696832741e+01,5.639450243240204941e+00,2.479551893563389342e+01,1.704004586749191219e+01,3.663485052826093824e+00,2.135608725990558199e+01,1.725165576824578295e+01,3.814014366959092683e+00,0.000000000000000000e+00,2.122463347856494664e+01,8.306861479282787286e+00,2.555590954017429439e+01,9.816672170511546724e+00,1.590637234365958719e+01,6.570064551020520227e+00,2.144989993180793775e+01
2.371951292052616012e+01,3.183099228384992330e+01,8.494879539895944021e+00,2.759337969012315384e+01,2.410118721904753869e+01,2.050575578537472765e+01,2.874051223637138719e+01,2.702794696735772817e+01,2.072394009417404703e+01,2.217397771032935694e+01,2.940858794581109237e+01,3.712315488461266000e+01,2.651450289056352005e+01,3.458639710658162159e+01,1.680509278600701606e+01,3.329057585419905507e+01,1.454485842990804301e+01,1.704544203335507646e+01,2.016904481229020618e+01,2.585320765391601583e+01,1.888951111178850439e+01,2.721069370221321648e+01,2.512737990632336249e+01,2.441817760414475202e+01,2.430248925388786319e+01,1.464199236500744838e+01,2.253296368505186109e+01,1.349576322008687157e+01,8.092616175906591991e+00,2.035298240833204986e+01,2.441002642121176436e+01,2.603361993313614065e+01,2.694595133155650757e+01,2.493160932887549919e+01,2.460333351368060661e+01,2.415844514527988807e+01,2.556177041799174177e+01,2.503250783962629811e+01,2.168850116433902997e+01,2.770249770335114903e+01,1.762174041246782608e+01,8.294733979244732325e+00,2.993677167127465921e+01,2.806224854679750180e+01,3.688968248782587978e+01,1.866729494018620983e+01,1.855570404280670616e+01,1.729723679030960426e+01,2.618322508534452808e+01,1.666988361377657668e+01,2.461707459763393047e+01,2.273633000676195337e+01,1.312065102520435289e+01,1.820856353574977149e+01,2.228439182279713648e+01,2.977984419129022697e+01,1.544088345535696405e+01,2.769032503603215645e+01,1.776668811018162231e+01,2.210892922122492266e+01,2.827830720087234084e+01,2.878847907536579953e+01,1.908806705734937026e+01,2.660413795930630343e+01,1.302850394393220945e+01,2.659016457203569317e+01,1.481385453812620945e+01,3.876279866740979685e+01,1.520383141683597650e+01,1.901806762779871818e+01,1.714300965639139207e+01,3.075959774322215168e+01,1.450592100245222582e+01,1.572108296656283244e+01,3.366473204730508684e+01,2.212667700533234694e+01,3.066127709881525121e+01,2.689203562904529576e+01,1.788723820448591439e+01,2.965882625473473766e+01,2.027506815517506311e+01,1.885376805972675740e+01,2.947416784765425746e+01,2.120441434820303428e+01,1.919758207023806307e+01,2.485912928030177937e+01,2.024934581489033647e+01,2.345273246042627235e+01,2.914809196899604160e+01,1.221544059358465795e+01,5.660662059049227146e+00,1.802994364449882170e+01,3.031413222802249763e+01,3.094751178225992305e+01,2.892840578478056202e+01,2.932804103061739198e+01,1.528629612046781006e+01,2.309606885075430682e+01,1.994662918966524146e+01,1.153055603390941286e+01,1.827278097586501815e+01,2.990699963903947989e+01,3.654220270844486862e+01,2.968330241656780544e+01,1.368069333345172645e+01,1.994843023941933779e+01,2.519760233361957802e+01,2.363299034289916989e+01,1.189368339587926648e+01,2.410209122791414060e+01,2.742648873585710589e+01,2.469846071547654276e+01,2.450696342022683183e+01,2.900575301298033182e+01,2.953559037252739827e+01,3.283330157421009687e+01,1.992412026844707640e+01,3.616642405988577735e+01,1.898022912560699638e+01,3.552817015448880511e+01,2.385709304485647309e+01,3.002338939393787598e+01,2.644904118657736802e+01,1.962891749824997234e+01,3.383581575040753364e+01,2.845323578694511113e+01,1.725584608697560896e+01,2.506597744417829077e+01,1.731823329474079998e+01,2.648540116762458752e+01,3.836685249946280152e+01,3.102407983809279202e+01,2.521226051249846023e+01,2.328130935883012143e+01,1.205655996762443749e+01,2.742108279756367395e+01,2.704595163019298454e+01,1.912515639484324126e+01,1.523037507286881365e+01,1.461675898615769498e+01,3.196579128249222990e+01,3.477465565848708451e+01,1.574901053725866973e+01,1.756458594930829165e+01,1.717792095565726740e+01,2.515549077386632248e+01,2.139052333009950146e+01,2.472173916506505265e+01,2.657421674675872580e+01,2.377351767219268197e+01,1.857531902285448311e+01,2.137797857056795081e+01,2.372165098843997200e+01,3.093046563907030233e+01,3.076696799968566154e+01,2.574235016579998359e+01,2.527681614237782526e+01,1.558903703534450713e+01,2.122204882946518367e+01,2.074354872400786931e+01,2.488379888138769758e+01,2.069427613802333710e+01,3.054736894473241549e+01,1.052768839561971603e+01,2.827440425266258472e+01,2.609479875867526744e+01,1.791760718699046251e+01,2.527335288982555639e+01,3.949219042749242448e+01,1.757535770467560710e+01,2.825657170140713959e+01,2.377988228724858999e+01,1.838930292259791344e+01,2.219149120908768325e+01,2.869392538410337679e+01,3.483423268674050632e+01,1.325236526008978899e+01,1.624065006812863032e+01,1.913943037469946873e+01,2.345550316971301186e+01,3.515880672666257567e+01,2.988145338006806995e+01,1.460704076440137200e+01,3.634898843368780774e+01,9.503666838881400736e+00,2.736507828576564094e+01,2.790197657841286727e+01,2.767337502147101347e+01,2.806279170259175970e+01,1.560792030386269857e+01,2.412587575885905977e+01,2.453600158403354925e+01,1.595096709484874786e+01,2.323283672134333955e+01,2.710467629266581469e+01,2.735099972198710461e+01,2.983151084908346107e+01,3.176651903246523645e+01,1.869416201359977947e+01,1.637112156783618033e+01,2.485550725160317853e+01,1.682446971244606715e+01,2.312701880180052427e+01,2.791352871770380517e+01,1.278422741801460738e+01,2.220227463217924679e+01,1.825057696272003227e+01,1.389861961957029202e+01,2.476622054576957055e+01,1.704362753476752346e+01,2.331713456066971446e+01,1.253530331752872051e+01,2.964728572853678301e+01,3.500706959166949161e+01,8.495463094337761589e+00,1.915968045894872773e+01,2.886996279716299441e+01,2.354504657184476812e+01,3.085650936701378555e+01,2.916911758580909009e+01,2.646142740895899692e+01,1.978291430334256162e+01,3.305088753081311381e+01,1.847049175253228270e+01,2.249280473211594966e+01,1.333997149543868233e+01,2.335971155857708226e+01,2.365418864222293038e+01,1.437030012373145205e+01,3.293250022468988192e+01,3.170981109889503458e+01,3.006589661957974258e+01,2.873148705434884320e+01,3.191516965156264973e+01,3.066192023913955822e+01,1.450995538775746141e+01,2.482891835810914927e+01,9.817021356219697736e+00,2.171561696268751263e+01,2.764621817200825404e+01,7.461704520114196271e+00,1.499474118997034999e+01,2.275863233697542398e+01,3.510543283493078803e+01,3.079823670431851212e+01,2.138161954743356929e+01,2.940378699937127038e+01,1.581838695710656673e+01,4.481574448420520440e+01,2.072517521854091527e+01
1.512349169713266406e+01,6.690927448363981789e+00,5.650144990637885556e+00,2.904473984942196108e+00,6.486591651164746786e+00,1.422573447815128134e+01,2.652614428663875401e+01,1.088750493950271903e+01,1.779049178012471089e+01,1.623252962812394884e+01,2.030731313109326663e+01,3.715656295628235739e+00,2.522074677612007321e+00,2.342062206975755601e+01,1.773673789162469916e+01,8.768830885793175156e+00,2.490100729743268815e+01,1.845026254162636103e+00,1.605509470522794402e+01,2.530028579598641869e+01,2.362222842372685250e+01,4.507799019691214326e+00,2.444170827699158011e+01,4.298540589562310110e+00,2.731640908063572581e+01,1.775966174120692642e+01,1.940899949502726685e+01,3.030056583662110015e+01,7.744892210522350551e-01,1.037054088498619464e+01,3.220387749859099813e+01,7.325770655985387236e+00,2.398420106645132677e+01,2.673200053520399067e+01,2.732263525305156193e+01,9.364993059457507485e+00,1.375838420184038569e+01,1.736235064650178472e+01,3.580377082646563736e+01,2.330573885962399672e+01,3.857190781718900041e+01,1.186058997077570787e+01,3.152198115160346603e+01,1.753556084854742636e+01,2.299246705761280651e+01,1.523686433124937878e+01,2.611539558055325827e+01,6.316326101859147002e+00,1.539948881547392290e+01,9.311300489574843908e+00,1.879783904407790729e+01,2.506885617917354381e+01,4.284407476540140181e+01,1.886939477277515209e+01,1.868761286773340657e+01,1.842732499240043609e+01,2.520830489017228970e+01,1.051230315713721913e-01,1.709844017504961755e+01,1.487494449974491495e+01,9.757552016844869058e+00,1.231180466041510257e+01,1.552967488497976767e+01,1.801230699188741369e+01,1.634736720742069238e+01,2.037493045905965516e+01,2.291500370302250289e+01,3.143340150416736867e-01,3.405738507496455725e+01,2.520391955876629808e+01,3.474084437026450445e+01,3.242076471229161427e+01,1.336981944981246961e+01,1.111948783856792744e+01,1.320212570754068082e+01,2.219307520883597817e+01,1.245049611459073802e+01,1.288478144235765654e+01,1.325538216531803215e+01,1.277680618754805408e+01,1.770764961366995038e+01,1.420247069523810879e+01,8.667386760267046242e+00,1.528429816931630292e+01,1.212262872013709014e+01,2.068687141553112596e+01,1.034944706405366865e+01,1.952789287975230437e+01,2.305945231755263336e+01,2.214632522921449720e+01,1.579078369988456032e+01,1.342089483187915988e+01,1.875865442422804463e+01,1.941524873349984759e+01,2.480104295877354659e+01,2.351032140502858780e+01,1.611054706319926666e+01,5.016267150141452191e+00,2.307443460390930312e+01,1.293164794129984507e+01,1.591570187443778472e+01,5.853689539450623869e+00,1.683304835867473770e+01,1.825728700118706271e+01,1.897353681785580903e+01,2.451239361255730032e+01,1.592123137258340471e+01,1.855968258998142062e+01,1.609762305006450944e+01,2.403738592030450505e+01,1.464768951499145544e+01,1.524484105174412285e+01,2.550565314279142370e+01,1.789190758613980137e+01,2.359980869793628599e+01,3.008040606821606744e+01,1.863093261092335240e+01,3.294541941270085061e+01,1.729898881227120455e+01,2.290866441817051014e-01,2.885896203259962789e+01,1.003591112475095493e+01,7.995221381810084793e+00,5.989921682456638585e+00,2.216907718822956852e+01,2.658036056551631532e+01,7.347312650571526049e+00,9.616139231305092849e+00,1.588549643869831485e+01,1.863099802208482458e+01,7.940415435559552648e+00,1.924333565532104018e+01,1.787542516014601190e+01,1.074530933917561981e+01,1.983545153177756148e+01,1.127053557822403640e+01,2.947675175277139203e+01,1.933037940464397408e+01,9.428137931540810257e+00,1.463980292152538176e+01,1.211986755850142261e+00,1.119919614431875132e+01,7.860992588509297718e+00,2.410663262233737925e+01,8.432866792527946131e+00,2.217870019793532776e+01,1.809378580480980858e+01,1.908706604668749307e+01,7.218114874523675617e+00,1.741256545604342065e+00,1.698772468113533662e+01,1.716628060099266051e+01,6.233059563124063729e+00,2.264438170625062341e+01,6.904215352546722251e+00,2.128631608848524337e+01,2.150967713690743111e+01,2.144047994790728850e+01,1.825728171090985086e+01,2.998294610145551786e+01,1.159208057575530404e+01,9.362683098900278722e+00,1.050738346527229972e+01,9.452065878492209805e+00,2.326610397956185494e+01,1.073197849480408905e+01,3.024842822626142080e+01,4.137096041328789831e+00,9.112221160334739167e+00,1.747743853367937916e+01,1.568461990435075393e+01,1.158546501646292093e+01,1.049940107775518783e+01,1.905089775125361484e+01,1.781895959191215439e+01,2.732315307668437043e+01,1.706112763173593549e+01,1.777929295916445085e+01,5.214910780026329462e+00,2.257800998252892555e+01,2.662357527063443996e+01,1.468030770480192082e+01,2.288943590943720352e+01,3.863566510473297022e+00,1.147190715910950587e+01,1.813086145935485760e+01,9.827978910766894671e+00,0.000000000000000000e+00,2.618023356672070889e+01,2.469254221810137651e+01,1.808064665878976029e+01,2.191146893754596547e+01,1.756696372555669683e+01,2.103711281432798330e+01,1.897980451601844010e+01,1.694276009239002789e+01,6.928698315808297536e+00,1.945916944938635851e+01,1.603618500390202684e+01,1.836793845206646125e+01,2.509288516996771179e+01,1.460176120033092495e+01,1.735773515167307224e+01,2.842914776901676177e+01,1.417354670540018269e+01,1.968795863222383247e+01,1.720855734981294560e+01,2.529350714814140133e+01,8.315546496267717913e+00,1.020033582390667526e+01,1.015475233860462012e+01,1.395007915432892176e+01,3.064217707244759836e+01,1.224158992622721520e+01,1.137085693051677615e-01,2.380355007322200933e+01,1.882212059047787633e+01,1.253119006749943409e+01,1.958741422839200652e+01,1.732271741292096223e+01,1.375096336388936180e+01,1.851786775543505570e+01,1.798925353775373281e+01,1.660842107696393199e+01,1.679569706343602675e+01,2.723450576685552349e+01,7.266085968757500346e+00,2.208948393627657936e+01,1.659907874845662334e+01,2.497106263004778626e+01,1.872720159994503319e+01,1.457966215913342189e+01,1.723030351415880190e+01,1.229255333506711523e+01,2.542119262595246454e+01,1.198977032319242930e+01,2.470607891361559894e+01,2.831245797556702470e+00,7.755834988826136644e+00,3.743620656177975548e+01,8.020378068696382812e+00,9.896898407549141297e+00,2.045250043942817442e+01,8.136445797519135326e+00,2.200002876980130040e+01,1.487408750119675283e+01,1.346113727815880523e+01,2.291383482831649232e+01,4.601031162835973909e+00,3.898802970111517219e+00
2.133402497929248653e+01,2.972170446027127255e+01,2.813228771287165131e+01,2.036968681751665855e+01,1.241572872107694714e+01,1.212764776130777911e+01,2.798029921743816217e+01,3.339989211947659697e+01,1.556740111614083588e+01,1.607785570885359760e+01,2.089062207858567177e+01,2.513315603799387432e+01,2.863569288019035852e+01,2.447876021844118100e+01,2.002670392434427882e+01,1.679306154039405641e+01,1.591907920265937015e+01,2.216236228442856415e+01,2.488699551949633815e+01,8.229732991951401289e+00,2.009695665901873696e+01,1.192378972514347168e+01,6.733650375707759039e+00,1.243807348140168045e+01,2.851973457240772447e+01,3.055162816388610381e+01,9.471527586768411666e+00,2.610328410718655689e+01,3.502400193497322789e+01,1.463637986268989266e+01,2.564308696682702760e+01,1.241562203761663952e+01,1.717152786684326315e+01,2.704294103450790487e+01,3.065862206366391263e+01,2.480807824756053392e+01,2.326101935182558123e+01,2.312807845812764995e+01,1.787850555361980298e+01,2.754396824613306549e+01,2.278505840078897293e+01,3.200931369769043044e+01,2.823733037188810968e+01,2.036028814494469685e+01,2.076105987350772963e+01,1.907078960845029059e+01,2.035269114059441975e+01,2.793813120128387695e+01,3.056119646917104049e+01,1.974634301354082311e+01,2.602795276968809191e+01,2.365579859191538148e+01,1.935019490314294544e+01,1.631968881081065348e+01,2.956255885331414035e+01,2.009550208465987708e+01,2.924959481838740061e+01,1.637648403024849841e+01,2.500070581409213233e+01,6.467901904369678157e+00,9.505197744405622373e+00,2.336542839300305729e+01,2.291691387788481293e+01,2.149526597724277721e+01,3.259166979308459133e+01,2.235496016555456933e+01,3.064679388434596419e+01,2.197413775611543940e+01,2.534191477743475218e+01,2.026860020623633929e+01,2.525259658820818487e+01,2.150880129826531828e+01,1.408383139834710995e+01,3.069919228393646549e+01,1.351601410626057920e+01,2.263608307520636842e+01,9.794919807397027611e+00,2.032776699300063328e+01,1.273970483219917860e+01,1.638947176443459242e+01,3.300110578120534655e+01,2.518111234819196653e+01,3.947719480035403450e+01,1.471700288331549267e+01,6.332554216280819048e+00,2.614264907832768259e+01,2.905247095514178213e+01,1.666254488012797808e+01,3.838665993516531927e+01,2.199386512144218386e+01,3.567526585220172564e+01,1.581749849669929198e+01,1.008478795696213126e+01,1.512904056071749892e+01,3.211436037317989189e+01,3.339738160094142927e+00,1.140245515341533888e+01,3.397549628192918902e+01,2.980967018562270354e+01,2.615881698547757139e+01,1.780734589108821453e+01,4.197646690135228909e+01,2.518206009379217392e+01,2.639293236966220135e+01,1.308228722862864934e+01,2.565979768839072861e+01,2.645402967640946201e+01,3.507915892712537698e+01,2.561192655226964376e+01,8.604243858180009141e+00,2.888918125982078777e+01,1.446059950493888380e+01,2.065524455814925986e+01,5.437640214175506692e+00,3.048147785714078850e+01,2.481881627023023640e+01,2.793270463088486366e+01,2.191397857272648153e+01,1.781551787881232940e+01,3.178469112842345012e+01,1.657446310163599534e+01,2.112476056932463564e+01,2.018306394306225826e+01,2.462455790297361347e+01,3.716359285637167176e+01,1.428230933147120219e+01,8.173420212618443870e+00,3.958361594437432274e+01,2.295909183478540072e+01,1.722932474511947731e+01,2.003549939869464680e+01,1.238228045496243013e+01,1.639933943880459211e+01,3.887845162475892380e+01,1.520686543187994744e+01,2.327007989018911260e+01,3.594770000382445119e+01,2.876055082797537921e+01,2.323307679290728345e+01,3.231483307753147471e+01,2.885833794081839798e+01,6.796920065134147926e+00,2.545049340335891230e+01,1.528334541565553906e+01,3.238868549090270932e+01,1.973686603535087869e+01,4.253910966061375198e+00,2.237067460300350064e+01,2.092719580821332670e+01,2.696313646566163413e+01,1.226326129568958834e+01,2.963552862078159222e+01,2.397041988369491250e+01,9.764043551656481412e+00,2.637460018838271480e+01,1.644840122634055390e+01,3.062864985175425403e+01,3.245556820992181457e+01,2.646887601891924646e+01,1.582876344204311714e+01,8.159820189499161103e+00,2.494015591193294767e+01,2.376304071524901929e+01,2.020471520688431610e+01,3.671462836578932354e+01,3.131942942380815609e+01,5.313393996344841241e+01,2.747909956365612061e+01,3.429428726892162160e+01,1.621872804640086940e+01,2.417057417646346096e+01,1.039032653328756695e+01,2.226741933190190892e+01,1.949086838339382766e+01,4.168890454440601445e+01,3.644144319925400310e+01,2.119859902270502161e+01,3.010001909019243982e+01,3.895933190994381334e+01,2.409660744201258353e+01,1.920559919718689557e+01,1.969119180844890238e+01,7.278962561563010247e+00,2.604869445065641997e+01,3.657965178764729330e+01,2.528076392483089663e+01,1.898576814498004239e+01,1.118598402132254810e+00,1.915122964183817444e+01,4.765313745589364203e+01,2.837287706582450753e+01,2.032500625503580238e+01,3.144249454285978373e+01,1.167144807048715549e+01,1.923243037215089402e+01,2.514266527539012230e+01,3.394426842389581367e+01,3.739602892384666433e+01,2.714514140083858607e+01,7.934268561784167062e+00,1.132653671963133313e+01,2.496957957377298243e+01,1.696846677578502494e+01,1.645348422686583589e+01,2.311480500613264155e+01,3.261363473177280525e+01,1.805367379044152898e+01,2.005949423530442743e+01,1.786403026120947501e+01,2.310158572901669061e+01,1.062373998452805246e+01,2.286542144581093439e+01,2.558173876068855535e+01,3.611658993339950108e+00,3.492876003676013852e+01,1.653256449076980417e+01,2.209835255262426301e+01,3.289815818673483960e+01,1.535585835042116365e+01,1.185663846136209365e+01,1.314882470719835261e+01,1.828130241532767286e+01,2.669806310212473832e+01,2.308662506906805234e+01,2.461104438905726610e+01,1.990423761892355969e+01,2.268829453061204404e+01,2.814014858091760019e+01,2.241313983397982668e+01,1.873800782241677254e+01,1.966570775306423613e+01,1.810977856763418004e+01,3.536183501699487408e+01,3.363936649081574615e+01,4.334889171117237794e+01,1.015809296455753596e+01,1.830867908087272156e+01,3.829882917066365167e+01,1.907219175742717354e+01,2.088012776199338916e+01,2.365433204122289723e+01,2.493036584528953981e+01,3.696443043011598917e+01,2.667423541680354049e+01,3.838033924983716361e+01,4.320863619279472800e+01,6.619940132242081887e+00,1.278523646469358255e+01,3.810818010906555031e+01,1.834748921044110759e+01
1.211572838401603924e+01,7.238809390410008149e+00,2.053022996275311485e+01,7.918044452036551384e+00,2.267145787391254785e+01,1.582334916006014858e+01,2.275356620676592101e+01,1.916921396502749886e+01,7.449775515709114337e+00,1.813962061611023913e+01,9.846998716828643694e+00,5.585843008538530441e+00,1.180791640320974523e+01,1.789744410443211109e+01,2.272361258853572963e+01,1.677437228929881741e+01,1.395476091028066001e+01,1.471730922123177976e+01,2.089608097976633161e+01,1.351429361170533383e+01,8.171671250722075897e+00,1.131742139394517110e+01,2.839100729987283600e+01,5.440500503742956795e+00,1.532484995032044850e+01,1.806429124495938865e+01,1.834391889605115722e+01,2.596090599462578652e+01,5.342867777215014158e+00,6.146083711306610020e+00,9.445289019285896259e+00,9.286749194436522359e+00,8.475789706053790340e+00,2.354093966300976248e+01,2.287465522717255340e+01,1.679637168702874916e+01,2.329238098518932709e+00,1.781165689474123681e+01,7.869826219220658281e+00,7.759441993067786036e+00,1.185132712525417631e+01,1.339171868109928809e+01,1.365700500930853956e+01,1.519181472294190804e+01,1.967578161815917070e+01,1.867688963781914424e+01,1.414795743833169439e+01,1.124629196063913028e+01,9.852387689840732321e+00,1.539650084300332011e+01,9.086987229308086000e+00,2.322247178632551012e+01,1.010287415145076828e+01,1.722752473467682321e+01,1.911225620719256924e+01,1.475513166975410151e+01,4.688930170403240894e+00,2.030050048575171573e+01,1.374137019924236292e+01,2.390007949496952833e+01,2.767075331923680892e+01,9.207227938674327206e+00,7.680900085061137972e+00,2.187112229331609470e+01,3.796142832578957460e+00,1.394039910609301636e+01,1.694085844826598120e+01,1.770793389392001416e+01,1.757965968085396824e+01,6.533460693022617782e+00,1.698422089630732046e+01,1.390966431158157057e+01,1.574399485342157057e+01,1.727165412781339171e+01,1.235777491891790447e+01,1.205690836479432448e+01,2.285297656574947212e+01,1.125722221087671748e+01,1.614288814733008337e+01,8.483847695925133436e+00,2.562350279100465045e+01,1.599035407201615477e+01,1.375856424967664537e+01,1.601913647952203590e+01,1.531411750611255229e+01,1.672960210057868835e+01,1.502768780963422657e+01,2.484539075378310713e+01,8.704624060682201403e+00,1.268340458617464961e+01,9.328394391693484167e+00,1.429659610541368409e+01,1.201656031294735172e+01,2.006485503184108410e+01,8.318039729308805974e+00,1.886845491410963049e+01,1.725002057724825733e+01,1.505144722882029029e+01,1.038815521136868902e+01,9.680773808254912183e+00,9.325126240596533833e+00,1.591670418226690309e+01,2.140219177817546115e+00,1.538710079201247183e+01,9.095725382419573180e+00,1.809657361634054595e+01,1.961587733490140550e+01,1.582519150291658327e+01,3.534723319048653778e+00,7.178750375967978492e+00,1.120976967153814741e+01,1.572490187384891769e+01,2.384518779523132537e+01,1.536685370113885440e+01,8.010315295506604372e+00,1.352649725361107791e+01,2.157987239736642948e+01,1.363874906723946978e+01,1.266497068290446215e+01,2.100576743409813574e+01,1.201784161713651500e+01,1.385105742687160912e+01,1.590698870650347274e+01,3.925700287704014801e+00,7.513484991210555464e+00,1.495029755727996879e+01,2.860589968198623012e+01,1.945136841895184787e+01,9.643734026518368196e+00,1.417316806537229823e+01,1.231418814247819782e+01,1.698479178223298902e+01,1.550329287451789284e+01,1.667160265263552077e+01,2.449706328672037259e+01,3.009229898240978862e+00,1.535639677480770082e+01,1.662077860063638113e+01,4.063738874559862602e+00,1.187618883240067902e+01,1.515570336012814323e+01,1.877396373571380650e+01,6.597640493316267118e+00,1.826390526429095473e+01,1.118811675780259485e+01,1.326264041585695352e+01,4.736284844806824879e+00,1.607611435787012866e+01,1.924018781357857222e+01,1.153154772541856410e+01,2.450052975286618206e+01,3.081752823084738857e+00,1.724237695416798033e+01,1.069529758984881163e+01,8.516799243253794671e+00,6.115247877357175454e+00,1.220351598747758359e+01,1.309489298553931214e+01,1.189818760735012404e+01,1.749171942595162221e+01,1.972911124262781257e+01,8.412620466076345949e+00,1.437857243034433807e+01,1.359053198371779381e+01,1.119013978433955714e+01,1.761173733832182009e+01,6.283472330392029903e+00,6.823939378427019697e+00,7.427100975517446635e+00,7.758990575324728134e+00,1.988986863897601864e+01,1.347990497131056919e+01,1.803155846046548660e+01,9.649408965844413544e+00,1.286532411966433287e+01,1.534977223309511629e+01,1.950852438887588747e+01,1.862547143288162488e+01,1.595858322736602553e+01,1.486254732469202899e+01,1.766655000229587813e+01,6.165722893283209771e+00,1.278173731618744924e+01,6.730151988906917460e+00,6.235888107284767834e+00,1.172465101214623573e+01,1.253107675200483051e+01,1.882724023188963969e+01,1.089776723423655547e+01,3.909510124048517721e+00,7.216934971303921031e+00,1.608213172679643677e+01,2.257576788534576906e+01,1.001307080158328766e+01,2.628958841731670049e+01,1.057411945525947417e+01,8.457310065260559284e+00,1.255521829685801194e+01,1.483616493661189040e+01,2.028633375524330162e+01,8.623888007052476823e+00,1.530103445327893219e+01,1.768480528182550771e+01,2.143214201975915856e+01,2.467902913799427722e+01,2.328114912979324913e+01,1.169609075360895822e+01,1.179681904619751798e+01,1.303330340333649673e+01,1.347792358478760377e+01,1.268032924822414387e+01,1.247094899466148910e+01,4.644724271218305667e+00,7.547118849946119479e-01,1.375704515904226000e+01,7.888489743643086527e+00,8.054130602965564378e+00,2.500605688161454410e+01,1.371206093221820765e+01,6.982203948757871537e+00,8.459222379917157753e+00,1.538636911068368818e+01,2.019136759498117328e+01,1.218322148245209924e+01,1.377751206066417389e+01,1.782451297919547528e+01,1.717508595526996018e+01,1.066794354389145205e+01,1.208599915274808367e+01,1.205069138248216909e+01,2.052553095204538280e+01,1.267456694049995924e+01,1.054306325220647800e+01,1.368835276039087390e+01,1.908652451537017924e+01,6.277628910593069378e+00,7.157648494536749340e+00,1.456433572705504531e+01,1.309690959126948862e+01,1.476579221963924482e+01,2.705087234641707639e+01,8.680301336213716468e+00,1.276860534704889361e+01,1.363387660144130997e+01,1.399750838751277726e+01,1.507081730563237087e+01,9.546712430779837888e+00,1.394173909789765631e+01,1.466360862935098552e+01,1.308695645169092359e+01
2.201188308767555668e+01,1.930352450048367885e+01,2.351171853592007821e+01,2.163531196889405805e+01,1.558849289553359263e+01,1.582552532843434889e+01,2.258395671561145690e+01,3.779788694722896736e+01,1.995173069604006244e+01,5.236941082974081674e+00,2.220879479939261358e+01,3.110049295821905702e+01,1.680238412161330785e+01,2.195562795577622950e+01,1.024609230025208539e+01,1.247537899155106089e+01,1.312949991681679585e+01,1.174669940883298480e+01,1.659770488897074259e+01,7.507097080734316918e+00,2.874804358596594511e+01,2.761351965819584819e+01,1.156066301556618647e+01,1.483499109650044545e+01,3.373857937948491781e+01,1.028083598537567056e+01,3.960813455334505573e+00,1.665392790361742570e+01,1.377373882571149721e+01,9.625079448503624846e+00,8.088765410504191067e+00,1.069454005393026108e+01,2.737536521277560553e+01,2.184379496842512225e+01,2.301321518905535868e+01,1.214099816135431098e+01,1.416935185375949402e+01,1.716968833986183540e+01,1.834791158260550148e+01,4.928031514122510615e+00,1.756121077992603929e+01,2.199133419138965451e+01,1.199391975017829282e+01,1.910616825470388491e+01,2.047479629761443931e+01,2.635327668040947202e+01,2.438362362591907484e+01,1.208489954177035308e+00,2.445379401922561924e-01,9.312395885583384825e+00,2.462769649593346699e+01,2.498033337714394619e+01,5.774315157390451425e+00,1.224653650271907779e+01,1.944059128669113434e+01,1.181245782739541639e+01,2.329478427278980490e+01,2.620050970348611941e+01,1.059965319036816922e+01,2.839530036323613160e+01,1.326764464422743828e+01,2.397710110150875806e+01,3.022639779575053964e+01,2.278620473992202022e+01,3.769336719679999703e+01,1.996476060489220927e+01,9.535009509675251849e+00,0.000000000000000000e+00,1.289409168143037654e+01,1.757702365912628650e+01,2.330948323744377859e+01,2.764787752760759076e+01,3.051046979536579329e+01,8.879071114896312622e+00,2.915189317689772608e+01,2.285256713352966784e+01,1.936614711440297754e+01,3.264818920091967946e+00,6.922585929411564365e+00,2.572085915233195053e+01,1.067458032184429229e+01,1.536927672828695712e+01,1.142369242207788105e+01,1.539062943469344624e+01,2.109853533667413217e+01,7.371802962223103606e+00,1.439903475451328685e+00,2.700721649159482851e+01,1.625452106380123496e+01,3.133496542563450227e+00,1.592267111437057991e+01,1.761466690070387386e+01,2.056404496436946516e+01,1.715687209939082791e+01,6.449665524331129163e+00,1.313853199576846187e+01,4.269874546348204625e+00,2.960092082832705174e+01,3.560357466081919142e+01,4.782060537985457493e+00,1.554155010441103713e+01,3.698668838257909641e+01,2.724579213042584769e+01,1.068172594799383823e+01,1.494070630169406400e+01,1.772533209625489903e+01,2.743936114065366638e+01,2.243308110558731272e+01,3.539703362839116796e+00,3.203405888408988034e+01,1.032762956689073519e+01,2.019618750479349245e+01,1.985611025668893603e+01,1.864363099500148557e+00,3.420014076116430601e+01,2.019685923939062988e+01,1.645866050787093471e+01,2.073953146237968781e+01,1.486487672548279448e+01,2.757434082038452416e+01,1.727314628974761845e+01,2.647967252993667842e+01,1.308407183950338748e+01,2.300244322230891569e+01,1.596179269082039198e+01,7.299877745742493929e+00,1.003804393696388608e+01,7.989500731009546719e-01,2.321106566370879420e+01,0.000000000000000000e+00,1.964212905233988593e+01,2.150588279676955494e+01,7.757608489147477471e+00,2.402726178410172508e+01,7.573140766996067086e+00,2.256454706167970414e+01,8.931566974059915509e+00,6.847552057954855442e+00,2.568270903169974417e+01,5.807399045341256283e+00,5.793457077233773234e+00,1.538098605834334442e+01,2.361167811022719576e+01,2.851586187369904835e+01,1.705148569464587283e+01,9.062289505535488843e+00,1.528378705014757521e+01,1.484127606440037184e+01,2.849785789398135094e+00,2.337693715148362372e+01,1.003434708441634093e+01,2.519860474074829781e+01,0.000000000000000000e+00,2.236021859270917034e+01,1.959130101710711713e+01,2.795998462911241234e+01,1.346202006414953090e+01,2.328474448340834968e+01,1.825695565228815553e+01,1.879236717703039972e+01,2.130421586320378324e+01,3.351279775947411110e+01,6.593386446412193180e+00,0.000000000000000000e+00,3.842293058449577359e+01,9.986207028840093258e+00,2.783794794711831777e+00,8.506508518277321684e+00,1.844495300240856395e+01,1.294866169000152567e+01,2.021471128340352053e+01,1.650320164450958771e+01,1.470006323544110138e+01,1.015976372342147016e+01,2.093032790920318931e+01,1.515326281680129128e+01,3.725584123134090930e+00,0.000000000000000000e+00,1.999554047806415014e+01,2.020634407778190322e+01,2.508583232275193353e+01,1.651780119813419745e+01,1.083864535994331035e+01,1.308391006225937225e+01,1.921847632186179311e+01,1.871341452714207421e+01,6.027689312579970426e+00,3.348142602440778148e+01,2.720648075216420736e+01,5.054158797976023720e+01,1.871879764285503001e+01,2.001509800734912403e+01,1.627992888470071975e+01,3.016378658906511134e+01,1.374279453889869451e+01,1.369984816442636699e+01,2.679673432101587949e+01,1.999290339238573688e+00,1.484593498826462366e+01,1.732936832008597605e+01,8.356753697737167030e-01,1.317298240617647842e+01,5.588909326817519840e+00,1.793143467620253872e+01,1.618308606170232622e+01,2.832332557933788664e+01,0.000000000000000000e+00,2.097927367099964968e+01,0.000000000000000000e+00,6.430762045401529292e+00,1.258144679948501832e+01,1.151326944857177459e+01,1.247672092996479698e+01,2.523589031672609195e+01,2.384583819579328079e+01,2.179516966139306788e+01,1.100831489937382557e+01,2.512302266786579708e+01,3.169185947247150992e+01,1.320486318212038945e+01,3.129210659759687818e+00,3.305314957635816597e+01,1.720416589566316645e+01,6.414267428159464046e+00,1.998393849424988034e+01,2.429738971622196075e+01,3.928659505551665632e+01,2.541896491167651462e+01,2.668059186821052009e+01,2.187266379775919134e+01,6.129648905923122726e+00,3.182589717458636258e+01,2.255644432761924989e+01,2.934429863973968367e+01,2.185660718810065717e+01,1.357838300717708968e+01,1.864898897453984361e+01,2.561703812315385420e+01,1.708395223382419204e+01,2.813515365371854315e+01,2.394139222924871291e+01,1.352971613784963090e+01,1.553485481487216191e+01,3.413201901339895983e+01,2.362309478953307007e+01,1.904785530572635111e+00,1.609918889834157341e+01,1.525171042281600897e+01,3.983941944468971741e+01,5.418229247104788371e+00
6.008076277397200471e+01,3.662376995310689409e+01,7.337464705883915883e+01,5.636326349327774210e+01,2.989840890881595215e+01,4.538048971422205113e+01,4.027132425392963455e+01,4.719973516747504760e+01,2.280298236559476166e+01,5.874652287560555664e+01,4.697990125003272510e+01,6.061021276897547239e+01,2.985354501203504896e+01,4.067933483652895177e+01,5.226214715719750359e+01,5.693019469624561424e+01,5.040489570974650491e+01,2.314585242832792034e+01,3.395325337828071355e+01,5.551669236894061044e+01,5.639972476213480945e+01,4.146196849568046616e+01,6.702714077700159123e+01,4.529461467882763515e+01,1.990070943486378496e+01,4.030875473730090164e+01,3.445335265570365380e+01,5.169778573973856339e+01,4.724799545490945007e+01,5.592006430008019890e+01,4.936423770319412085e+01,5.160066104390572406e+01,3.065387569895914410e+01,1.527220845165766683e+01,1.594667916955938125e+01,4.519059418254291671e+01,2.316824359898793162e+01,4.411718494458204987e+01,3.431974125596590142e+01,4.146820660140341630e+01,4.281814479091615766e+01,4.149787435013050896e+01,4.458114190450025660e+01,7.165524704370693598e+01,4.795388695237564036e+01,4.096467741132435236e+01,4.843782268167243643e+01,4.069932832516607846e+01,2.822968500300674322e+01,4.151158712833881026e+01,5.992927887712569657e+01,4.882708477735782537e+01,6.099381932364207870e+01,6.861381633132641866e+01,6.159316601422148807e+01,4.435326876850206190e+01,4.926802967059287397e+01,4.202993103093391625e+01,5.588900744940784193e+01,5.095801487914386030e+01,4.121896257709990863e+01,2.876360001162139923e+01,2.718808512109340469e+01,3.917997440056253566e+01,5.013742120885423503e+01,3.525806337459086848e+01,3.613191062486917815e+01,3.845009273199752897e+01,2.811837068309763765e+01,4.154411251217068468e+01,6.067485809133462737e+01,3.854460819598051557e+01,5.570837866992653886e+01,4.776751790246178331e+01,5.223760158309524826e+01,6.600769565803271632e+01,5.191704560234415844e-01,5.216154211298708532e+01,1.893896130904867192e+01,6.225056125678168684e+01,6.100006954367024292e+01,4.747783120797436851e+01,5.632742054777056495e+01,5.373327587666695848e+01,5.523445978418506996e+01,3.784423458667089335e+01,4.234044357467698916e+01,2.600891809398725840e+01,2.951361315121931028e+01,3.734933276156428406e+01,3.150763028441991409e+01,4.743469327405421154e+01,6.181348487634777911e+01,7.642114031849855849e+01,5.977043729043721498e+01,5.554842454216125702e+01,3.840158057177203688e+01,4.112025989517261593e+01,6.074613707813833230e+01,6.523886319215351648e+01,4.063887465866380211e+01,5.692262009230190500e+01,5.362799858857518842e+01,4.160949023173965600e+01,4.939639317137613972e+01,2.497796149082814310e+01,3.460374738099676506e+01,5.923833918679024890e+01,6.977874651678446583e+01,6.184038525093286864e+01,3.744149277377147911e+01,5.054401248683817016e+01,5.052830948093527041e+01,4.761865729290042282e+01,5.063422954159199918e+01,8.481905718100286151e+01,4.512946924757965661e+01,4.334315864796062101e+01,2.547192196542890841e+01,5.079793430682060063e+01,4.854616876392009317e+01,3.666672444092369432e+01,4.009673859379365979e+01,1.716445949841061136e+01,5.267776576214841100e+01,4.519878740208943668e+01,5.187104977057145305e+01,4.471212102240588138e+01,5.183494665591486950e+01,2.730222923496717158e+01,6.216880208697969579e+01,5.108566004370235447e+01,2.971178378761076289e+01,4.477290141623301878e+01,4.014262862528850917e+01,3.647349652909417017e+01,6.352683196269968846e+01,6.622445074277655408e+01,4.721351550392646601e+01,4.801570173104500583e+01,3.039261988095746503e+01,4.850157325649382045e+01,6.117622386553023972e+01,5.326201393128079076e+01,4.203473645447901674e+01,3.722263127940318128e+01,7.833503190736419697e+01,4.586688429560987856e+01,5.205465640619306811e+01,3.694660494617169633e+01,3.478524987595977791e+01,5.351958935642061732e+01,3.205493733366012066e+01,4.476580840389284077e+01,6.521922274737774217e+01,4.627522445597283252e+01,3.455314601828482068e+01,2.601209383465674918e+01,4.438735589049012020e+01,2.172345658688334780e+01,4.562875305064696363e+01,3.344468279456262394e+01,3.399369672295100031e+01,3.702557690306176141e+01,2.369301654318393346e+01,3.135506758811980177e+01,4.342656089801069896e+01,4.517283783037379408e+01,2.866004123542012749e+01,6.247703602929349387e+01,5.109272189046230750e+01,5.473202504466282647e+01,2.558979020062253085e+01,6.433797314602574602e+01,4.712972546501244864e+01,3.179889575255803535e+01,2.039438144268342867e+01,4.004527859237642673e+01,4.332367405511878644e+01,5.170443133451534123e+01,5.518804410778555791e+01,5.002775921561607930e+01,3.369731789674561639e+01,4.365972147110382195e+01,7.471220605211281907e+01,5.446053150351117722e+01,3.568660187218333846e+01,3.061177145637118713e+01,5.091375388838813620e+01,5.380285463421966341e+01,5.256857796286437434e+01,4.932753378564593305e+01,5.972951121267274033e+01,3.098451062650469012e+01,5.491691308880096045e+01,5.020296398353622891e+01,3.224858453838378125e+01,5.375076010601429033e+01,5.440445100594806149e+01,5.791344616501785936e+01,2.722836298821603407e+01,4.507323258752600026e+01,1.916636209782599920e+01,5.377875900576905366e+01,6.249049319384828038e+01,4.402355118058080308e+01,5.881470675747070231e+01,4.416426366993282926e+01,4.758987391543269752e+01,7.214965574015040772e+01,5.217737553221768820e+01,5.417646289378997437e+01,2.906971485756469065e+01,6.591290347182373921e+01,4.169529813568937726e+01,5.534653231045489008e+01,5.064269036910558697e+01,4.505169248665131931e+01,4.220182740245327579e+01,2.506588456106215901e+01,7.155191041591324108e+01,3.141840942252860458e+01,4.436386115489438708e+01,2.807878552446798537e+01,4.636799187995953986e+01,6.897319172667711484e+01,4.964842774964053973e+01,5.522180666560598894e+01,3.747609187070701608e+01,5.216237527937857266e+01,6.606852241188646246e+01,4.411079587239807864e+01,2.977043067607996818e+01,3.627161082636933287e+01,3.390865987315904562e+01,5.527339974185082383e+01,1.819368665954986142e+01,6.840721012508146259e+01,6.447060524589407748e+01,1.676696199243484386e+01,3.874297232723557016e+01,3.203355568827309696e+01,3.369770410547911865e+01,2.715755857873093149e+01,4.998161083944567906e+01,4.465015405908512491e+01,4.995287742597687952e+01,3.948820621009127763e+01,5.919996628827758656e+01,4.249768838378123803e+01
6.897554997960976664e+01,7.416000503621110340e+01,3.611039160761482236e+01,7.056466035000218540e+01,1.920995414606035823e+01,5.972731876153265773e+01,2.083202698344519987e+01,3.173489339743870019e+01,8.377014552225935518e+01,6.094797027554233892e+01,4.631213462909767031e+01,4.156255658009060028e+01,5.156983438710815904e+01,6.412192240729939385e+01,5.139114120512999762e+01,5.536447349887583869e+01,3.299856748705897758e+01,4.306384083223220927e+01,3.584878699652516332e+01,5.928091958963351971e+01,7.585736723937888826e+01,6.337109695461519721e+01,5.005467800785451260e+01,7.486670726618699234e+01,4.658683318784510874e+01,4.884123620439569891e+01,3.694884094993280144e+01,4.547409199054881412e+01,8.275105500584896845e+01,8.608705474949100278e+01,7.409161138412342495e+01,7.205592045778936949e+01,2.827476324021098364e+01,7.356957666445968869e+01,5.934695235677957470e+01,2.154074625337848659e+01,8.549117008734503997e+01,3.743928645382711551e+01,4.543183771638740609e+01,7.897065650074362964e+01,4.632114494557718132e+01,6.741166911171723086e+01,4.148786138715529859e+01,2.424334896784522186e+01,1.701835931404884761e+01,6.125660305614085388e+01,5.756194578806662321e+01,4.971719673255098115e+01,7.233360848959728173e+01,4.056659485775446683e+01,6.159455381376529459e+01,5.731501563872926397e+01,9.010571356982217139e+01,1.041583397317966870e+02,3.341962229980696009e+01,2.988802006932343502e+01,7.730605468011955850e+01,7.235615120015771140e+01,2.027788178099729777e+01,4.047080703320756356e+01,6.187528024504699431e+01,5.099512265754675866e+01,5.742482674622684868e+01,8.030225104201197439e+01,3.000351204022548046e+01,5.298124490441895773e+01,8.191374080388085588e+01,5.041203779033297394e+01,5.673200224574740247e+01,2.150932482002600210e+01,3.994988198674388258e+01,5.007182155857944394e+01,5.427348116636796505e+01,4.458922852613849841e+01,2.556692061479576594e+01,5.763722071083749654e+01,4.783668977065236305e+01,5.278553460134310171e+01,4.581865397813467666e+01,3.583933871789253089e+01,6.560363286281419448e+01,3.841609055289795549e+01,5.409542192076506240e+01,4.609303729769142421e+01,4.441988765852973131e+01,5.743713308736977297e+01,7.096521233902814174e+01,2.551399212831906738e+01,5.310882418223902590e+01,5.898789112386232603e+01,5.813453635848259893e+01,4.572271597514045993e+01,2.250122510756947491e+01,4.323320614247491278e+01,1.001202407973684316e+01,8.198839543989230094e+01,8.545807533512608245e+01,8.292541278895146206e+01,6.101522437725835601e+01,3.238446466496958465e+01,3.346094577736270992e+01,2.950364952344531844e+01,4.778100864180457563e+01,4.910100572610462422e+01,5.844076159148707461e+01,7.106553667339281333e+01,3.800427133075518071e+01,6.747739725128889177e+01,3.540571401361044934e+01,9.268720124200531529e+01,2.902576296115461574e+01,2.878966558429716116e+01,4.061967123768945243e+01,3.911687557144912120e+01,3.713933500403495458e+01,3.841565339069232010e+01,1.076694508297130852e+02,5.563835150632092308e+01,8.195956568145543031e+01,6.085833218041999260e+01,7.834918338241772062e+01,2.808874473750138634e+01,7.589527814400527461e+01,3.879292439475801757e+01,2.869883899334637078e+01,2.419085231938236191e+01,6.993648398502394059e+01,7.023098651697542039e+01,3.179797820789415042e+01,5.728325058714817430e+01,5.839115728827056273e+01,3.570291305075244992e+01,7.397866518185904283e+01,5.374255743219146808e+01,6.417255744303967901e+01,4.962359150505778160e+01,8.156610170414212746e+01,5.477040921246425142e+01,6.282125973885614201e+01,5.131151556316603290e+01,7.705265060298015101e+01,5.314837327136353906e+01,7.181734952418852913e+01,2.930048400227466487e+01,5.972854134772783397e+01,9.527645951321349571e+01,5.424535094821501247e+01,5.541985927396013523e+01,6.777930675061111288e+01,4.057897241575663827e+01,3.760582072410507237e+01,5.816349010550371190e+01,8.020216924775131417e+01,3.902597270627234138e+01,6.276557370969218397e+01,4.030167877508259267e+01,3.950763870479475059e+01,2.596555307106801891e+01,4.962336772612137281e+01,5.966245563752806902e+01,4.528199929501163012e+01,8.232733311393593567e+01,4.225502072439539347e+01,5.425112503933320340e+01,1.967717419138749335e+01,4.225634911683100370e+01,6.041951911615707616e+01,4.880997268567875125e+01,4.043376720705234106e+01,4.600995405794490978e+01,8.049536830610254867e+01,9.247722502393196464e+01,6.576465563368296330e+01,9.136184850037960814e+01,3.545838154164059830e+01,2.812061317704920427e+01,6.658097376704282055e+01,5.042294004877443570e+01,7.110411388015599243e+01,7.397371610124363883e+01,3.840337323616432030e+01,2.937682838192133161e+01,6.446894406433654012e+01,5.255727610474330902e+01,6.985554931297832582e+01,7.556154219526958116e+01,3.596350928219264631e+01,6.168700231077274054e+01,5.927055712854524216e+01,1.765516102742081017e+01,5.820184878629191161e+01,4.672595288705689143e+01,7.866040579417875733e+01,4.461645052463201466e+01,2.935940061220547648e+01,6.116425492841667477e+01,5.812334013286378109e+01,1.319522499716114794e+02,4.625688674879342699e+01,7.760498159078407809e+01,3.348705192885457649e+01,5.926972203267110473e+01,6.535308122231627692e+01,6.433503422965100071e+01,4.492585688612344086e+01,2.342427135303372054e+01,7.640084960199452269e+01,7.439200208602913733e+01,6.865990955327124823e+01,7.087773463422355746e+01,8.262121499537440172e+01,4.481911323973262284e+01,3.583887580102899051e+01,4.484958424444901226e+01,8.338885162738988299e+01,8.158352177628289326e+01,3.875710071090617248e+01,5.468656147489750197e+01,7.254116395765940695e+01,3.696464109814758103e+01,7.935364658765315937e+01,4.858088466870896838e+01,5.229861393224003052e+01,7.712967795375332969e+01,4.567682186578107917e+01,1.028555479505051977e+02,3.615526301274964993e+01,2.200812406491327877e+01,2.973341550412150980e+01,1.951440995440599835e+01,5.201424239608949307e+01,2.360429618472026192e+01,4.335208791492159008e+01,6.450249644413699457e+01,4.790785943974503169e+01,2.330457336964524728e+01,7.415818879662151630e+01,5.606046467407154665e+01,7.724174825094638663e+01,2.668925308624309523e+01,7.720171458015853716e+01,3.816909947484812449e+01,2.205182426172789434e+01,1.812522812785292103e+01,4.059708183768970002e+01,4.641627784699898740e+01,4.787831546389560344e+01,4.602008363178465089e+01,7.863568750950639696e+01,3.230854459083726482e+01
3.670361097183050703e+01,7.684186788998658812e+01,8.549360309631045141e+01,8.124391242129765089e+01,9.693188969477353112e+01,6.289925905574539655e+01,3.053066663598464103e+01,8.423568667641747254e+01,7.197102080609704444e+01,6.615506187306603181e+01,5.519206904861052010e+01,8.343922517152304863e+01,9.501579384588740140e+01,4.360003861449698803e+01,8.556088353786266509e+01,7.325144554556497667e+01,6.230084366843028931e+01,6.005992354891652951e+01,7.521594529199225576e+01,7.210160679180576437e+01,6.408960090151296640e+01,9.768864806180418725e+01,1.083149345407777560e+02,3.833643643777791254e+01,6.132182356212358343e+01,6.747512899532789277e+01,2.485910743624073405e+01,6.439246722142034685e+01,1.548573998977362187e+01,7.047626195905205293e+01,4.353673783522301477e+01,3.505336914221535238e+01,5.892177366192341026e+01,6.971603024461428788e+01,1.017131649178547832e+02,9.765462457780240868e+01,6.211850985541731518e+01,5.121185700788967665e+01,5.698484913528254481e+01,7.177124289226487974e+01,4.604716503622333335e+01,5.299104427830457809e+01,7.012669473396385911e+01,4.435344557558219947e+01,6.691480219090335879e+01,7.824551384503439522e+01,3.774062800813068463e+01,5.657776010402072586e+01,4.394219758870757175e+01,2.317488117253907376e+01,5.477383862874501830e+01,9.037175968279144911e+01,1.020104632672440204e+02,6.301799509612720129e+01,7.884602946135528612e+01,1.029501875735908101e+02,4.795260045813900263e+01,3.258561891416987777e+01,4.208454378769830839e+01,8.694635269632212271e+01,5.304290173417609822e+01,3.087459579059672166e+01,3.675627195791394541e+01,5.194915305704093100e+01,8.580368584175437263e+01,6.995849953568581725e+01,8.237107458451899333e+01,5.718452442925561030e+01,6.260564064474895929e+01,6.590601328581890073e+01,8.286549109742649932e+01,6.086764966717502290e+01,5.429905452343045624e+01,4.636946546435363814e+01,8.250391303022661305e+01,4.100070684318736625e+01,9.153929826549747517e+00,3.970338191959420016e+01,7.306010939075564181e+01,6.145261851236236339e+01,7.937489122406883268e+01,7.699451257914006419e+01,6.906076625701433613e+01,6.401368054622871284e+01,6.499143000964218686e+01,5.963550550359117608e+01,1.092535570777735359e+02,6.214590742158149084e+01,8.568906131751714383e+01,5.857835716299153717e+01,9.255285140206595429e+01,3.882901488528248990e+01,7.268217639732344537e+01,5.108100906560713383e+01,4.957276757102653875e+01,4.117166875026643424e+01,7.331685925368151402e+01,2.276851110690794044e+01,7.560796676289412233e+01,4.892710910410509229e+01,7.634128754377861981e+01,5.560932337542697468e+01,4.879283268111536387e+01,5.438022891626842181e+01,3.773305943650341021e+01,6.824207748837955023e+01,5.143900913334142189e+01,5.520355847890689205e+01,7.744204804765612948e+01,2.971797987957082299e+01,9.518659533372596115e+01,4.316191296814842104e+01,4.935451886843970470e+01,8.234021236475717842e+01,1.011839039262369511e+02,4.072229191943232962e+01,4.136552458854514214e+01,9.170005348909249676e+01,8.357348006891551506e+01,5.988305503022876763e+01,2.386970277970323195e+01,3.455568832102525079e+01,5.190708290494920618e+01,3.311969781155448800e+01,5.370990088392438366e+01,3.082985601520341135e+01,6.956015219841765429e+01,5.129772921570123323e+00,9.177524571768952910e+01,4.534551596687845176e+01,3.500186703317151427e+01,6.519032655955867028e+01,6.837122202159925166e+01,5.080083189254735743e+01,7.682534376790700037e+01,1.450425886544096343e+01,6.004811004320688994e+01,2.424056568776764209e+01,6.226804034484003125e+01,4.891686923888987337e+01,6.000240884189128820e+01,5.597531461664397767e+01,6.837441851515691837e+01,7.288310943164751166e+01,7.073770928713062744e+01,5.462011709056650233e+01,8.056223826510090191e+01,6.681604527593847820e+01,6.957911866645248722e+01,7.953713408803407958e+01,5.281900598374997458e+01,6.450313091732104454e+01,1.670114127368188761e+01,4.720293373670260451e+01,7.950001040385058104e+01,3.349505782376705554e+01,9.304720585105074804e+01,3.715296270340902396e+01,6.759131496242312664e+01,6.184104043338047063e+01,5.230971588496434066e+01,4.742603473774767053e+01,5.881739097162032692e+01,2.205615792433695788e+01,4.086232035547351416e+01,7.109203228454093448e+01,4.170845441533006692e+01,6.980114348076536146e+01,3.992395526838145514e+01,8.164286157975122649e+01,6.514237922429803973e+01,6.782210266438343638e+01,4.415760030387420443e+01,4.533798432283697366e+01,3.360170096423215824e+01,5.955297659136277133e+01,4.951745491239078945e+01,4.021947520263315567e+01,9.562044112451019373e+01,7.315927921772293985e+01,5.259267456672944263e+01,7.802773221561346872e+01,1.176450622904663845e+02,4.208302209964604401e+01,2.616221309566807207e+01,7.938799732084552829e+01,5.218981744026159930e+01,5.434919020059146533e+01,9.653983816525986583e+01,3.321427890652223169e+01,3.142113513249410062e+01,5.110711247811941860e+01,1.000587338299886824e+02,4.124611875893875634e+01,7.005944556154085490e+01,6.881605484298472675e+01,3.984669208929823725e+01,9.213766204948766969e+00,6.691599562670016610e+01,6.983501829853018705e+01,6.949888778434068115e+01,5.236354360168260058e+01,5.024305948506112429e+01,2.266290915100904257e+01,7.632044348513447574e+01,3.482746067277443558e+01,5.312490319843514186e+01,7.678111281625288598e+01,4.108276244166735580e+01,1.911995690738781661e+01,6.007551177255410835e+01,9.118684471508241529e+01,7.034051320274576824e+01,5.547388931212805119e+01,4.172583824691204768e+01,2.482094105658584837e+01,5.354622320520152812e+01,6.046940468028320481e+01,8.613463752570586962e+01,4.787747095251570784e+01,8.635919716074755570e+01,3.970400778211154602e+01,2.779448974071783596e+01,4.769407896772924005e+01,7.691732212575750793e+01,7.498751617086813326e+01,1.044518821264252466e+02,7.497479968841517461e+01,6.535393007049870562e+01,5.396956849545334478e+01,6.091518554549673325e+01,6.918396763865911225e+01,6.936267971391036902e+00,5.341368948496548796e+01,5.731195585905309997e+01,7.344741875535068232e+01,6.308825885518047016e+01,5.342260219637829266e+01,5.675081882814630774e+01,8.783999806706734148e+01,6.417193192249895617e+01,4.534517401884516374e+01,6.143630108923496635e+01,1.236418597538026773e+02,7.691543198865042541e+01,5.343005467942347764e+01,9.590467639554830726e+01,4.886579305090049274e+01,3.477031954651627643e+01,8.149117035066724668e+01
7.069093256617510690e+01,2.654752598108024131e+01,2.323928036372277361e+01,6.626237906527389043e+01,2.734059322648133339e+00,5.602626131383065200e+01,4.135159582783587240e+01,9.552339453970809524e-01,7.483802988641403431e+01,4.302782969231840582e+01,2.374978375368263883e+01,2.239851097874312913e+01,8.768494337606529854e+00,4.922745506665486914e+01,4.504746173902229600e+01,6.926198321128461544e+01,4.936394464437954355e+01,4.062140858399828858e+01,4.162343130038653527e+01,1.783947304220883989e+00,4.602077253474465124e+01,4.906022826113990476e+01,4.660988696465479109e+01,2.610498314846639545e+01,2.247161852334527765e+01,4.417959304293738398e+01,4.977746861281867297e+01,9.668038869986155248e+00,2.250666806546648857e+01,5.024868985907757235e+01,6.382652952015682501e+01,4.584023028752363160e+01,6.456925391862951358e+01,3.482795625721662702e+01,5.091247358660514521e+01,7.427811958739899012e+01,4.704016304009643079e+01,4.659890216066448687e+01,4.749039579904294328e+01,8.607213205068751449e+01,3.947140407821898833e+01,5.119924225457707223e+01,4.792446628844827217e+01,2.632898476761384998e+01,4.919524116725629881e+01,6.774426357580055935e+01,5.279338089364106423e+01,3.752107982144126908e+01,2.565944846040011740e+01,2.164360411708791432e+01,7.603928174047798905e+01,1.766090329803868642e+01,2.217656833610478628e+01,5.990853872086748311e+01,3.302075306889305750e+01,2.643210973124274332e+01,2.344943995980106521e+01,1.993441241422459598e+00,1.875568452382202267e+01,4.895195525056275443e+01,4.008105817759435041e+01,1.844959617335191204e+00,3.331047196666595767e+01,2.667400910229717681e+01,3.688317559802365508e+01,4.055703444514183076e+01,8.322862685053330267e+01,4.076465645839019203e+01,3.519541831834471424e+01,3.135112139447276292e+01,3.639644813486884090e+01,5.288621859411686899e+01,4.278864939496998687e+01,5.679709377478465626e+01,8.040790093023977647e+01,5.666431757462436281e+01,3.678987825136830736e+01,5.847586230805156760e+01,2.347699488155279113e+01,6.813880304397279986e+01,4.399524911799100835e+01,5.923439169466112020e+01,2.297760461554531020e+01,5.170426055233053830e+01,4.056053642040503604e+01,5.304088050963449064e+01,3.760083429584445014e+01,4.524678162447870022e+01,5.837547695561768535e+01,6.319855546650481415e+01,6.587327732455321438e+01,6.094971897978756914e+01,3.455458803880897278e+01,4.624282981413163895e+01,1.800670540766572358e+01,5.602035290839209836e+01,6.252954844326578154e+01,6.365785659913062489e+01,5.416973678768317058e+01,2.172839696649668895e+01,2.640751837327870888e+01,2.006588297801496168e+01,5.088474892861770371e+01,4.359956950178784041e+01,6.264435569711814811e-01,2.821871090289324258e+01,4.190924515900449876e+01,5.726232086018549694e+01,5.359436177566757920e+01,2.816620100092110235e+01,7.017305458962830755e+01,5.554567411562554469e+01,1.907986291023296843e+01,5.787064601112881945e+01,4.342440780708221126e+01,3.355753345355478245e+01,6.354421229252870518e+01,9.756074581366175380e+01,7.461215791361178162e+01,4.415291241449751425e+01,2.109401342133162327e+00,2.960899514617393180e+01,7.270532699381604402e+01,2.569344516426987113e+01,6.939213718906532335e+01,2.608802049276344803e+01,2.335770202861381151e+01,7.082641177516178743e+01,6.004703260981429480e+01,5.853402419246172173e+01,2.846902616198705971e+01,4.860750543394178891e+01,3.146259680637408351e+00,3.952203036797262037e+00,6.017105140799764484e+01,6.337634412879320678e+01,3.244707635510257404e+01,2.920123498706536580e+01,5.711251641307416804e+01,4.623409951845761867e+01,2.428382347675860586e+01,6.235920420461246749e+01,9.100005656969488044e+00,8.020609303413408497e+01,3.262142914147081996e+01,4.614884401258997570e+01,5.453674887815782313e+01,4.111658672890857957e+01,3.077077737483133291e+01,3.874829480820907435e+01,6.494940663833654071e+01,3.827703362203953930e+01,2.432861102190759794e-01,5.417718884580101957e+01,1.613442791968799384e+01,3.876875811761709656e+01,4.784938646774178750e+01,4.921483479298825614e+01,3.846343632632517284e+01,5.836238823937416242e+01,3.409021554828335354e+01,3.465234981957084415e+01,7.116976810487547311e+01,6.788873503438495050e+01,4.296613437689098447e+01,9.138238471920799100e+01,3.477255814400802336e+01,5.828265323299679324e+01,5.698418700975946649e+01,1.993457720641787390e+01,6.082899989473212798e+01,8.344988252131845741e+01,5.491891745316854667e+01,5.014832286230202385e+00,5.730933784394348862e+01,4.834361252986929003e+01,3.551934815232026921e+01,4.177029398373228020e+01,1.406047843093116967e+01,5.164234409851268026e+01,5.533748343205033393e+01,2.762537581590786573e+01,1.952720644304028497e+01,7.583934108459848744e+01,3.798140490904883393e+01,4.484942820769580862e+01,5.774710188470578487e+01,6.113251399353661952e+01,2.229076186241733026e+01,5.307648558484239487e+01,1.530836023127710277e+01,5.263099844228993618e+01,5.773276175558098089e+01,8.614637285287714974e+01,4.133152665696611905e+01,1.887614008630310281e+01,5.150426182918920404e+01,3.113078943609542293e+01,4.428723786025127396e+01,6.078431490513639091e+01,5.309170359344228984e+01,4.155175520648738541e+01,4.021972523143059419e+01,2.038491398166085133e+01,1.678120062700261883e+01,6.288823063213104803e+00,2.502973602656607000e+01,4.609814209407061014e+01,3.418626765101608100e+01,5.798434436006613879e+01,2.879137551839284725e+01,2.176369353319906708e+01,4.850231148171184969e+01,5.550892814798410058e+01,2.494394373576026425e+01,3.909265409603796115e+01,2.411936850789293274e+01,3.099569664791656720e+01,6.193168971588077198e+01,5.080446810836992455e+01,7.166990611629206853e+01,6.495372321844534724e+01,4.962950063931563705e+01,2.259138028539767262e+01,6.390557930835252876e+01,2.865421365329008196e+01,3.304324154247854750e+01,3.399802174154311984e+01,4.747384547030318203e+01,4.636725293108898427e+01,4.987399615250738805e+01,5.771946884480689732e+01,1.572496589298823544e+01,3.743374043562563003e+01,4.544993170887268974e+01,5.558003199340660672e+01,3.872894450931602250e+01,3.102438513879230797e+01,6.472951740575028623e+01,7.119495422589464795e+01,3.272462757270362488e+01,5.008908534019503378e+01,2.782120561562605232e+01,5.658952101120691225e+01,7.055424562494083318e+01,2.379523300784446604e+01,5.170531535844244786e+01,6.158575006018217834e+01,6.841890523539686342e+01,7.554141316196385958e+01
4.621291740255293234e+01,6.084325304489684072e+01,6.070103916047801818e+01,6.402510688085726542e+01,8.467836169988665063e+01,4.966724723325184243e+01,7.308062792053067369e+01,1.702417602893374493e+01,3.497839289762227821e+01,9.472238027698945473e+01,6.180230557361998933e+01,3.458145571749835767e+01,5.139156853681743087e+01,8.356960001322218545e+01,1.373546858502610846e+01,3.814677016741575954e+01,1.613307320845839143e+01,6.592108812098447856e+01,3.933813033512160473e+01,1.212604655471372439e+01,4.854723721852240459e+01,8.262108950823709108e+01,3.344138361058293896e+01,4.896813909933825215e+01,8.702914813976937580e+01,5.646268381016897564e+01,1.019364735937932380e+02,8.511693149163306771e+00,5.230703672578528796e+01,4.357023040657891499e+01,7.234634451483039186e+01,7.630913346024452437e+01,1.302686711108159123e+01,4.251962705980175627e+01,6.799777734429480347e+01,4.412766278820050303e+01,3.732286034512040374e+01,6.062239276443111891e+01,1.200439610183283747e+02,4.036572545224544939e+01,1.695743473077988028e+01,7.173664916006062242e+01,6.420662027024069118e+01,2.721101915206108757e+01,4.896054609324313134e+01,7.885276140474888962e+01,4.787942015708489407e+01,1.963544062143752100e+01,3.272121719629648595e+01,5.181597947417515115e+01,4.494908048096448283e+01,2.560283662747048439e+01,3.793321676005044907e+01,5.310295015240323835e+01,7.536930807957979539e+01,5.259814125469211632e+01,9.692497623657850170e+01,4.504550306260509984e+01,4.860024760468542127e+01,5.469496589371573236e+01,3.611888895751284423e+01,6.511056914227495440e+01,5.191875820067547664e+01,6.664969081818213681e+01,3.269474515989818286e+01,5.091948985897045077e+01,2.017734973703723611e+01,2.238609554235662458e+01,5.610394337171501888e+01,4.696975902725540664e+01,4.807315848466247132e+01,6.407148316803693433e+01,2.116237217200308507e+01,4.167715055445049899e+01,7.008558156856246057e+01,2.398203135437334410e+01,1.033284769118150734e+02,6.309961227835258768e+01,7.136766263349844053e+01,1.013131411959638797e+02,5.120539280711523844e+01,5.072071863606657871e+01,7.166041833542873007e+01,5.524625901338277600e+01,3.752110841921360418e+01,8.636380364891704176e+01,4.291079093340508166e+01,2.221130768315046211e+01,2.517088427276452123e+01,5.307317760479674185e+00,4.577649868452040494e+01,5.696853261146096514e+01,8.218662587941049935e+01,7.609688363536872657e+01,9.130838414753027621e+01,8.639493637901959744e+01,5.703293886896128129e+01,6.174394338235556035e+01,4.484725173577691493e+01,6.596619373316156043e+01,6.975268159103488586e+01,2.847340096160056433e+01,4.769990242843017114e+01,4.934536505999779621e+01,5.707071039311271932e+01,3.384808100862513669e+01,5.605506410519193139e+01,6.808093779506342003e+01,3.975326405664851848e+01,9.451768635186235201e+01,6.374744071566177439e+01,1.061831045680523715e+02,1.474654472536001215e+01,5.892635465998014865e+01,7.610559622267611246e+01,6.470691422945203719e+00,1.314718038483938756e+01,1.360708776472009163e+01,5.943661294128656181e+01,5.311262925943119484e+01,5.060591408120340873e+01,5.414579348245084134e+01,8.613293631971183117e+01,2.221951709412674347e+01,4.601816486919464921e+01,4.510022191748306142e+01,5.470148682743150204e+01,3.547920356626554650e+01,4.210605748034856077e+01,6.534587540631085290e+01,5.357885679220659370e+01,6.030806081616577075e+01,9.103006752295033266e+01,5.502812910599083551e+01,6.072619653441284271e+01,6.487665312902362302e+01,4.231627711811150760e+01,3.760277623305073202e+00,3.830618184803336135e+01,6.831199367649644216e+01,2.915978805541493202e+01,5.858272787812768456e+01,2.852424202518015051e+01,6.211780260112446683e+01,1.723450864198285259e+01,7.410800017311268562e+01,6.786162396255809881e+01,4.977554817188924829e+01,5.712532814838372275e+01,5.207175932796028661e+01,7.572252911216192217e+01,3.326533281325931313e+01,5.882695445826792024e+01,6.566310584533992767e+01,2.791831637838966529e+01,7.941936242428933213e+01,2.915462081664873750e+01,5.289093967869202828e+01,5.067033810083345458e+01,6.944902417528126648e+01,3.563331629000816037e+01,6.196292955782649869e+01,9.448179674463185052e+01,6.531648789495413610e+01,7.171014248061570129e+01,2.755183914330655526e+01,4.185591360745367950e+01,1.303495890150709613e+01,9.017780356791901397e+01,5.575464608413719247e+01,5.267009116128702573e+01,6.298160530039422156e+01,2.837259204295401460e+01,9.913257232108527717e+00,2.912328460158453680e+01,4.035745632149554041e+01,3.586122055740585779e+01,1.386342301450040537e+01,4.550045998750740495e+01,8.253342027182767993e+01,6.225378718959435531e+01,7.223766201404723120e+01,5.676431796306609101e+01,1.007994313575172072e+02,6.480086476224175840e+01,5.677924563731247076e+01,5.421023348111416595e+01,3.537971814784307156e+01,2.957574075972600625e+01,0.000000000000000000e+00,5.634836032742934719e+01,4.327831086916458503e+01,6.839906298052686395e+01,3.460864201101519910e+01,1.148559291737925037e+01,6.335791214254144421e+01,6.236553719752680536e+01,4.140484591139998116e+01,2.967554470613218953e+01,4.298283598079532908e+01,8.339873487082290637e+01,6.509133801494915872e+01,6.737386673119664238e+01,7.076188724348313031e+01,5.149342750998149398e+01,5.237532383467090824e+01,6.514388919538291134e+01,4.201000302297863698e+01,6.324943437000329283e+01,7.194335120493219904e+01,6.705164138979748145e+01,7.794473812690829106e+01,2.912138168022016771e+01,6.983860574042486746e+01,2.661692326688596921e+01,6.848516188883407096e+01,9.587743581114030178e+01,8.087492415444300420e+00,1.004871376953965125e+02,5.729426490096692248e+01,2.011326004536037715e+01,8.012943327628238421e+01,2.140453086983804454e+01,6.431962328832555897e+01,4.516224352973490141e+01,6.590455953441933445e+01,4.564950769291067445e+01,8.535736013518381071e+01,3.571118711930107281e+01,6.377970475952498930e+01,8.929818307318330994e+01,1.337552698185718043e+02,4.907012232022736242e+01,1.466238906597926217e+01,6.243096503437863021e+01,5.306636024506299520e+01,6.051598831207600426e+01,1.029040128687823454e+02,6.073517799337555800e+01,2.103452713371667926e+01,1.612570476056088609e+01,6.103121901584803055e+01,3.746000047801171462e+01,4.320114683273477141e+01,4.984729640664356509e+01,9.385792684526809637e+01,3.886237491041813996e+01,4.637746566114961411e+01,5.504794400769859664e+01,5.128091591235951796e+01
8.090217702861370697e+01,8.237933750271935196e+01,6.043368083077010056e+01,7.641588883374838304e+01,1.079146573985881616e+02,5.799577345345426238e+01,4.238314125058256110e+01,8.088382306455218895e+01,1.106944169969536631e+02,6.134298872751043064e+01,4.697252116297192259e+01,4.457171119870651665e+01,3.362593735413987872e+01,1.473563814070147693e+01,7.073147419996382723e+01,9.099628017781601841e+01,3.198879843677412538e+01,7.828255304706294737e+01,5.811693701447476457e+01,6.257649899421264905e+01,2.372417964497158493e+01,5.475357511837302837e+01,6.868332086536887005e+01,7.355457265084747576e+01,5.990432470092016359e+01,4.937604561240863887e+01,5.783631297333314336e+01,4.641110009839719908e+01,3.384341558961095586e+01,6.620730118692237909e+01,7.320295589174602924e+01,3.552759466625654738e+01,1.053256461215153337e+02,4.733790842781684205e+01,6.151744761286028051e+01,6.369815393943712678e+01,6.587966977918850375e+01,6.870995282623387368e+01,5.017153088167632546e+01,6.863096343696470569e+01,5.810640005010400699e+01,6.639393535820811110e+01,5.190096548049783109e+01,4.617974956844916790e+01,3.632602724551470175e+01,8.689666387111446966e+01,8.441355616268225504e+01,5.723890781724900023e+01,9.170617541234705072e+01,4.601688698249144238e+01,6.593429921451611619e+01,4.945342498614299842e+01,3.177870756779304973e+00,4.959884987470900342e+01,3.646006607437885805e+01,4.051703659004182612e+01,7.314154107319451725e+01,7.782209303690001434e+01,7.441413696204772066e+01,7.069349119127365100e+01,5.867305713995362737e+01,7.207321968689811342e+01,7.490177166156379940e+01,1.155830642770893348e+02,1.010566747478094207e+01,5.864566483202607117e+01,7.668917618505072653e+01,8.222645760619209909e+01,7.985658421072605506e+01,1.748944603721594859e+01,5.789960916875855190e+01,9.521166317123636702e+01,1.666984291357800885e+01,8.176246621511307922e+01,1.055780620986518841e+02,7.167932671514014942e+01,7.666282962556908842e+01,6.008480971354486400e+01,6.221124750370973544e+01,3.652368388892326578e+01,6.490571083644967132e+01,7.474700094505355707e+01,4.811044604574070860e+01,6.900297794242953842e+01,6.670351249482105338e+00,6.605538025621795839e+01,1.005304766370602607e+02,5.884236573653937796e+01,5.642246161981672969e+01,5.632764952363746147e+01,5.578958747181581401e+01,7.459305601567729127e+01,8.363154780405825761e+01,7.420671384759884859e+01,1.005702827393606924e+02,6.415764391566987968e+01,4.935003622654039646e+01,6.062041980836875155e+01,7.771808587849866967e+01,7.512920793662009089e+01,4.288596792652045764e+01,4.873110703713912528e+01,4.916566426736741136e+01,6.772866439891943457e+01,3.159874618809967828e+01,5.758919936877727253e+01,5.158259538711801184e+01,4.354701002567688306e+01,7.533985688954378190e+01,4.466144995261974771e+01,5.546235864785597869e+01,7.749518196909234291e+01,3.114198568086598939e+01,5.359595551997937690e+01,6.401467370248791156e+01,4.412178340253520048e+01,5.923635357119703571e+01,5.272123158905991147e+01,6.335731812167232135e+01,7.014927225111196663e+01,3.449432887408962500e+01,6.934989896419948252e+01,1.008581891917302613e+02,2.121994014431692932e+01,2.872718577398160988e+01,4.891949366499714102e+01,6.166998700834539449e+01,2.603216953052142912e+01,7.832860675600903733e+01,9.216162648009535019e+01,2.110824778065657625e+01,1.246920000164546849e+01,7.056036687247286920e+01,9.448212288359184186e+01,9.464441895041397856e+01,6.970635132019307889e+01,6.769907980559503358e+01,5.920382466459806636e+01,9.810427210305689982e+01,9.816172868411396735e+01,3.159542623699190145e+01,7.190146317862074454e+01,7.652829480905663218e+01,8.365763198579159621e+01,3.378137258692379419e+01,9.183470565178372169e+01,2.850407833120432954e+01,6.014091529444961992e+01,9.068729969648936162e+01,4.441685326773878018e+01,8.184282262158883725e+01,3.261039256116542617e+01,5.650682892396253720e+01,7.220289858294891872e+01,4.846544760586134970e+01,2.614918082761926144e+01,6.918448881583076115e+01,9.723926489776353321e+01,6.462057586912415275e+01,8.892152474288522512e+01,5.926083939872297179e+01,2.767982199014932121e+01,7.316418545696495812e+01,6.266937808347358896e+01,5.232472867715640774e+01,1.036644064836766290e+02,9.092210539570945116e+01,4.430302321924577313e+01,5.529250854777010460e+01,1.016840796614640752e+01,7.832354682837235771e+01,6.204419108127613214e+01,8.524767286942673650e+01,6.653079211296025619e+01,7.239547803688022043e+01,1.045562330067909187e+02,8.447123260956061586e+01,3.595969581941465520e+01,7.766343411104662664e+01,4.069896509557693776e+01,6.414351869475285639e+01,1.458404989136558605e+01,1.006708026950350643e+02,1.116154420189719758e+02,6.642237468946358092e+01,6.252295944391376992e+01,7.457038235524379388e+01,5.226328501988297148e+01,5.477733011391157447e+01,5.163833490346985400e+01,3.123640106321743204e+01,6.197281273501526755e+01,4.048400554977954613e+01,8.864607072036656632e+01,4.828315578249587503e+01,5.058467486839574434e+01,3.034818293116619259e+01,7.370422917441868549e+01,2.807823621253029955e+01,5.206442637725713141e+00,8.089002347155650341e+01,5.243711516254800387e+01,7.769392304061511823e+01,3.140802430212465524e+01,3.400847305451187452e+01,7.678665286761845721e+01,1.690581409814637226e+01,7.842408453154313008e+01,4.524288481804103412e+01,9.066420823129315920e+01,7.303410221094014787e+01,2.725115694650278542e+01,5.041401146371426734e+01,5.573583488237472494e+01,5.317185808197000085e+01,4.751348518749759364e+01,7.758162447452932042e+01,5.318965028265652961e+01,8.870576060480166802e+01,4.947139557912490204e+01,2.799472896710815917e+01,9.886638075294612804e+01,8.938583459883517435e+01,5.611300743227274523e+01,7.046506237197560552e+01,3.494806701988795794e+01,7.438125678305530641e+01,8.831637414947437037e+01,2.701632143215596926e+01,5.489648667581966635e+01,7.896210574193369780e+01,7.223881697718844919e+01,4.565759670608284182e+01,5.235523557299838870e+01,4.425441065576038824e+01,4.559230035281345295e+01,6.098125760439781828e+01,7.603247060588896034e+01,9.406557449790349779e+01,4.888907225571177406e+01,8.235326395912596809e+01,6.103315972565097525e+01,7.250411995620264349e+01,9.463555299687362776e+01,1.026062718918745134e+02,9.584085250598251093e+01,5.926589558973922323e+01,9.477266733796054154e+01,4.317714969583578011e+01,4.254014600042230398e+01
1.269864850669880241e+02,8.241124599873209888e+01,9.506407862224804717e+01,9.666218451253011779e+01,1.098406707166914629e+02,1.085833114557957941e+02,8.571509371270468591e+01,7.357899644077561163e+01,1.042465244817229859e+02,1.017261172754220979e+02,8.882769202704896827e+01,8.312450799315905670e+01,1.105313425494500308e+02,1.084816692992372680e+02,8.582993369087159863e+01,9.913292011299517981e+01,8.118357915511145961e+01,1.085610124538867609e+02,8.784326309199352067e+01,6.772021444833902137e+01,1.339002349609217504e+02,6.484462031490330958e+01,7.630506736392433709e+01,1.252985926273326100e+02,1.055319301665522715e+02,5.542833502730653095e+01,5.722509843266040264e+01,9.758068466514095007e+01,1.026848592390958430e+02,1.136626008827222023e+02,9.549083508045924873e+01,8.551125721933640023e+01,8.334172654723991513e+01,7.505910613331998604e+01,1.034326685218746036e+02,1.139766617713235490e+02,1.282300136187204203e+02,8.943450979885291474e+01,1.118936710937794885e+02,4.615047158138629868e+01,1.246891955865929162e+02,1.184070287007258884e+02,8.729899761307721917e+01,1.037946390103517302e+02,7.732878969751187981e+01,6.940630257432714245e+01,1.056835817457418329e+02,1.018502463780236695e+02,8.622074021209655825e+01,1.109166481384881422e+02,1.117276680701443610e+02,1.526990176846727820e+02,7.323838263121939463e+01,1.487568152308976721e+02,1.199618084749911731e+02,1.101115508867264055e+02,1.518781646534971799e+02,1.504362642377485031e+02,8.650401378464520974e+01,9.521005844709792143e+01,1.063580112817738552e+02,1.519942792971171173e+02,1.160392352384811119e+02,8.604004454958410975e+01,9.546616862505506163e+01,9.139169543772406712e+01,7.668145756487297149e+01,1.032740547667706181e+02,1.529917258483964417e+02,1.131575338222990013e+02,9.664348489410988918e+01,7.864060166882410385e+01,1.470989927083119539e+02,8.835639260316048649e+01,1.249971792803887780e+02,3.407792803617274302e+01,1.074785702593461281e+02,5.201421651135937196e+01,7.553118650654555211e+01,1.091389987738697016e+02,9.712322820821889025e+01,1.112075576861065400e+02,7.920981537485478441e+01,1.413473781676344743e+02,9.107681560621229266e+01,8.149251709258028598e+01,1.428366369209442439e+02,9.705170145726123110e+01,1.072994118286483882e+02,6.802972455631929449e+01,8.426776545334395507e+01,1.438371850209866807e+02,6.699483630036399973e+01,6.995143420942575574e+01,1.279546425260815852e+02,4.879409117355186964e+01,1.508399808476863200e+02,8.647581040948612952e+01,9.462207576053147307e+01,9.173281687716381327e+01,1.065880746430315043e+02,3.204982539968273869e+01,1.476971090175421750e+02,8.085676038358529638e+01,1.055722387131336006e+02,6.713125790374424184e+01,5.057394161666011456e+01,8.326851966436804275e+01,8.355434155035426613e+01,8.097334805764269561e+01,8.241230418726695461e+01,1.006970966526674545e+02,9.985975466498473452e+01,1.298738200713515596e+02,8.391525762987141945e+01,7.691212748740842642e+01,7.860579288771184281e+01,5.440888574710731973e+01,1.145999844050329131e+02,9.347404068235267971e+01,1.102206147408344776e+02,9.370251104453390667e+01,7.629143268506111042e+01,1.169222039852363793e+02,1.064344975905723345e+02,1.062806270996313884e+02,8.772603363454817327e+01,7.329279588103261744e+01,7.406229121788140901e+01,7.836475546989765917e+01,9.757378973511320908e+01,7.591932720573777260e+01,1.238530082879640020e+02,5.338372511656852737e+01,9.824860071036444253e+01,1.157766789902889855e+02,8.346577817554972967e+01,1.103847173334380187e+02,1.314882734538327895e+02,6.300309391205555443e+01,1.270574327445966247e+02,1.067483170314726237e+02,1.258463063849230679e+02,6.649434139020257817e+01,6.576974135338220151e+01,8.686441478469392052e+01,1.152066490830628140e+02,1.109617427919568939e+02,1.247821609233901228e+02,9.332641651615264777e+01,1.589197316253975316e+02,4.590761963411399194e+01,9.662455580850186720e+01,1.236612441624334764e+02,8.833213803469863024e+01,1.558359481847036534e+02,7.526897220655816056e+01,1.023684577701824878e+02,9.767540388259699569e+01,1.298979136967801651e+02,1.214554126113175698e+02,9.493956309150381401e+01,1.092154805505373787e+02,7.591899748648467039e+01,8.088623403258640110e+01,1.390782004152254103e+02,7.664505434359426772e+01,6.370690087136835444e+01,7.958050248686586770e+01,1.058567152677060363e+02,1.142409893031068009e+02,1.031837484374448195e+02,1.228187412381849839e+02,7.106114304615185517e+01,1.138017209734124577e+02,9.414978168861573238e+01,1.118269317425294673e+02,9.133464962353615135e+01,6.803364303594273110e+01,5.853965027271794952e+01,1.023359042253520670e+02,8.384980981558635449e+01,1.269706513276368014e+02,3.746176792771899500e+01,1.076610335630158346e+02,9.375005465199910759e+01,8.731204377059056299e+01,8.811648539466521868e+01,1.108570748778306552e+02,6.495071825713523594e+01,9.126837819951326480e+01,1.044445627207052780e+02,3.970368230380826446e+01,1.537894136114389880e+02,8.874925721562983938e+01,1.057845994962855087e+02,1.434944401343686025e+02,1.075898372652228261e+02,1.328195591654093164e+02,3.089105755483867455e+01,1.056384567654222622e+02,1.011181271565342570e+02,9.028754493304776929e+01,1.148480452164368444e+02,9.220752688051180712e+01,1.034644523649146919e+02,9.751346516785632446e+01,1.082795099027354837e+02,7.022194886094676747e+01,7.027001802596171842e+01,1.191608046621329464e+02,9.452136211521093401e+01,1.078425137642693699e+02,6.621969624739858773e+01,5.836606838465844760e+01,1.166755060834980213e+02,7.072998704937705838e+01,9.826734394989873067e+01,1.366432742477452678e+02,1.006476175797015173e+02,1.082430289776204404e+02,1.020022197267726369e+02,1.087927824065352098e+02,8.682110662878967844e+01,8.418408468398321531e+01,1.228380704058831014e+02,1.486951054936647267e+02,7.664226167467087691e+01,1.082961827876219587e+02,1.137760517404763760e+02,1.321131000038932939e+02,1.123680596948270818e+02,7.358697122351301800e+01,1.207107075284791478e+02,8.169898411835511354e+01,1.008146890289135200e+02,7.390352340927950081e+01,1.234732255644562571e+02,8.867059895313504114e+01,1.074500449758732543e+02,1.294846935815333495e+02,8.180307860363637928e+01,1.037631520093680138e+02,1.028173032605887585e+02,9.327824695801162136e+01,1.074309906702446966e+02,1.524108855451680995e+02,1.099779138254492494e+02,1.238023987248947719e+02,1.262416753192434129e+02
2.746883928391735097e+01,1.015534602719380359e+02,6.144282341860079555e+01,6.966882655905760657e+01,1.078709310495347040e+02,8.121083786314713393e+01,9.868058520071264184e+01,1.123206430683468113e+02,5.845284038726396147e+01,2.505420487774734539e+01,1.240719221158851298e+02,7.201558203881330655e+01,1.082796000345053926e+02,7.356383926337430523e+01,1.075372384444831084e+02,1.155110458960970021e+02,5.672622563558391562e+01,5.639333991951859559e+01,3.144821967490543457e+01,2.153427286190240153e+01,5.736779742463250642e+01,7.998734799702441478e+01,6.260503659759059047e+01,8.568577815423306276e+01,1.809561967783534442e+01,1.182958386934060826e+02,7.913091914114605174e+01,7.123857664569750625e+01,5.157135618671514976e+01,5.237972742652592473e+01,1.212558682136321124e+02,7.468654548109640245e+01,6.244325697712416456e+01,7.811401527798402356e+01,6.885626217445425823e+01,5.091020828930761866e+01,1.103830562358147773e+02,6.872008635178339375e+01,3.968150498264995463e+01,5.625491787854623738e+01,8.956263879656634685e+01,6.313007788314378388e+01,8.060187910936659250e+01,5.016004356867447456e+01,1.628150419736467214e+01,3.102724949730080795e+01,7.208770793521837561e+01,5.723139592157416189e+01,9.118264223889386244e+01,9.605248599933740650e+01,9.523267530534519665e+01,9.761107039242025962e+01,7.207062264966046428e+01,3.062518289595234222e+01,1.114395308831666540e+02,7.975432254219047934e+01,1.025799138293082251e+02,6.413726358803124583e+01,1.061024658502738731e+02,1.318935208361477294e+02,9.982575673924233683e+01,1.028186608498911880e+02,1.261353309929732802e+02,7.010259947878984121e+01,5.942918862331754326e+01,9.600248442444431873e+01,2.972844026695918984e+01,9.349837211231971423e+01,8.484177359321418521e+01,5.672501512201156260e+01,6.515404925499676381e+01,4.045127875123267813e+01,8.505152175845631746e+01,8.506088563671951874e+01,6.788743832659008604e+01,5.736005178452646192e+01,9.725241754660611093e+01,6.629509989125885738e+01,4.562168875074925722e+01,8.043140633607534085e+01,5.343290143123375202e+01,8.171870164062791275e+01,5.039062542423977220e+01,5.592294870774965432e+01,6.986566983982507395e+01,9.471623691673916312e+01,8.141119637252678842e+01,9.921600921908199666e+01,9.171885062524289367e+01,4.859061479467928990e+01,3.914106440794132880e+01,2.622785151237792078e+01,8.410065560063145540e+01,1.051594131593698336e+02,8.854824325085418479e+01,4.907980623639870288e+01,6.911983903999730217e+01,7.944796728516051587e+01,6.065434296452243501e+01,7.361545850449969919e+01,5.613443957934937600e+01,7.666635964508618883e+01,7.437292204312656452e+01,7.345838474119511829e+01,1.185554879743912409e+02,5.375772756132906949e+01,9.878111802592145807e+01,7.463735785715809357e+01,6.731499380844070402e+01,8.741958765216001126e+00,8.845124894365082469e+01,9.290215792779379456e+01,9.745245870516033904e+01,7.833394278284588097e+01,1.166686061720292855e+02,9.690721901906134406e+01,1.165999241098717079e+02,7.284051031852044389e+01,1.203011210942406706e+02,2.432322047308380064e+01,7.481279302177185286e+01,6.136371195867174322e+01,3.597118331927895696e+01,8.617448207095300461e+01,9.305059225838660097e+01,6.547899156146159783e+01,7.987630519936284657e+01,8.608859584805954057e+01,7.208171424744790556e+01,1.635308009670741001e+02,4.739867778731311176e+01,4.121564149104172259e+01,1.579158344005909953e+02,9.521096376426442021e+01,1.021348878354119734e+02,8.939432285693693814e+01,4.060911601573459961e+01,6.440760818619396844e+01,8.104499776181548043e+01,6.396115932451964881e+01,8.769359635460577351e+01,5.317581415312098159e+01,7.113684308741368056e+01,1.071422728435602210e+02,9.387141896901395910e+01,8.149235696976745658e+01,9.532496784046850280e+01,8.466169366778488836e+01,6.375100647948181631e+01,5.176905983050981064e+01,7.389421718920806370e+01,1.250921719585212486e+02,3.936478709041492152e+01,9.213948950731061416e+01,1.009783239958263295e+02,1.218780683068102491e+02,5.240242551526193182e+01,8.392353932572102337e+01,7.206200267430276085e+01,1.213870846029871302e+02,8.674848384924544575e+01,8.648773598356025616e+01,1.191725269625237758e+02,6.959438254289308645e+01,5.241974071983305805e+01,5.292632020338933074e+01,1.358825809392812545e+01,3.324369629600317211e+01,5.190547907071379541e+01,6.769643580711320396e+01,9.864539794145302665e+01,6.817456770277622979e+01,1.118569379471272924e+02,5.708005665886553004e+01,3.974129293030234322e+01,6.752412086649655976e+01,8.978558077756498790e+01,5.003421107177072003e+01,5.242861642056067950e+01,9.842672204391874402e+01,6.104913275322627442e+01,1.105915643593372550e+02,1.029357583934588689e+02,6.462371767688995305e+01,9.020360253799904626e+01,7.130797639226213391e+01,9.814604618464005625e+01,2.466915119290739611e+01,1.410676319087845059e+02,1.240965607221575517e+01,7.132563790086344113e+01,6.842986189172346201e+01,1.281426217249868955e+02,1.220056631204635949e+02,5.531757321920519388e+01,8.210942067814472978e+01,1.293019133598486974e+02,6.592537163380663401e+01,9.029941062490945569e+01,1.184817352907944041e+02,1.116884955768913699e+02,7.641616258017126029e+01,8.859719042663174093e+01,4.258682789510955047e+01,6.837998823649579094e+01,5.317359476706403854e+01,9.137198446056558510e+01,6.748281399873343389e+01,9.933574052294574130e+01,1.040739205786018431e+02,8.835946048284083076e+01,1.167030176144653240e+02,1.019508933099370722e+02,1.112889547557275876e+02,9.827788584730483024e+01,2.641284700460883883e+01,4.102247048861278245e+01,5.923075995998098620e+01,1.138158206405339001e+02,8.914198650637553101e+01,1.002597048008325515e+02,1.777612745561831176e+01,6.234685499987295998e+01,1.079585396032423290e+02,7.970924444642611206e+01,6.672424290047565876e+01,5.201071294358858665e+01,5.199406253998041905e+01,3.394310779625529761e+01,4.052767520200981721e+01,9.405559524618745115e+01,8.195406401917382766e+01,8.975147862495077788e+01,6.996139024073232804e+01,7.249142460996375803e+01,1.274204077709159719e+02,7.303323728232967937e+01,8.622708286604604666e+01,7.754871916114527153e+01,5.841589033603404602e+01,1.059282451194902706e+02,8.191620919429604442e+01,6.062191046749094170e+01,8.544810669679218051e+01,3.830539946639852644e+01,9.385830877587949317e+01,1.246061672660379571e+02,1.116791457507670913e+02,9.150717292285689553e+01,6.366747124598846597e+01
5.374154354073653650e+01,8.859083471573364932e+01,4.723112741812830251e+01,1.318399307310718598e+02,1.123161111999881996e+02,5.126444796581259311e+01,6.479996233331542044e+01,3.177764251020764164e+01,4.291204587239550250e+01,5.774965272878026923e+01,3.628074653358854107e+01,1.053202742632544471e+02,1.050261567430391807e+02,8.144727859395908354e+01,5.595073293973026551e+01,1.102702958198882754e+01,1.431640350189051674e+02,1.877291985170707989e+01,3.885286127132348355e+01,3.392184538143388295e+01,6.289178566285318084e+01,9.741336943673483972e+01,6.561153339037463184e+01,3.046186131586894419e+01,5.828260253066977015e+01,1.024048999505891118e+02,6.952050032588897466e+01,6.955405609389573840e+01,5.754649561105274103e+01,1.098182593191824594e+02,1.032582319248261484e+02,9.545528054980232469e+01,5.924601164718604451e+01,8.074104774284182895e+01,8.171822013799554441e+01,4.683588637442693425e+01,8.637404355388487431e+01,6.275388861665314977e+01,8.548278508007834375e+01,5.780179074790454052e+01,6.343402210478100756e+01,2.875413783410859736e+01,5.867634219642218341e+01,3.081323848674713517e+01,9.276979411508790463e+01,1.588198492028031517e+01,6.377808521667066799e+01,5.691723947282311258e+01,4.244930420155684914e+01,9.096928278015128910e+01,7.258977965727225978e+01,7.916449968976279195e+01,6.457875834557871997e+01,1.083352357345218593e+02,4.810410807169914449e+01,5.238307417704744040e+01,3.676689222114425348e+01,3.059149021876945440e+01,9.482272113983589179e+01,9.358207891791600730e+01,7.220215400808297090e+01,7.861802560980309806e+01,9.568014413133123242e+01,9.715329344977661208e+01,1.582353879170566469e+00,7.551810482205830510e+01,1.276769856447838691e+01,7.173937650032004854e+01,1.061277799274949984e+02,2.818812363450283343e+01,2.990488734780135971e+01,3.575631632367257851e+01,3.895530801162921364e+01,3.586092885365398786e+01,1.214805715592021045e+02,6.443319463274758618e+01,6.602859393949675848e+01,4.280854343312569910e+01,3.665451958507394181e+01,6.554793393005503788e+01,4.210699569729634106e+01,7.292799932776514993e+01,4.834929202980772800e+01,6.164982365900939953e+01,6.149227188339373384e+01,1.345357624997330248e+01,8.989815940159593310e+01,1.046370654079247657e+02,6.352676634928259602e+01,7.093492792180258277e+01,3.828188958308098933e+01,2.252366352304623121e+01,2.413924717676060183e+01,7.157838156215900938e+01,8.170398357127338329e+01,2.764535624738251940e+01,9.386242827830271551e+01,9.187152599196383562e+01,6.260474246677129884e+01,2.742354187700284385e+01,1.166616036181563061e+02,5.322570293525635776e+01,4.867993112872014194e+01,5.899601475342863210e+01,9.018215049683320217e+01,7.452685211776218921e+01,6.064337796904476363e+01,9.599841626472733935e+01,2.641609843858291384e+01,2.284281465485256035e+01,9.297374131138353448e+01,4.403931299010929479e+01,6.072827683774862351e+01,9.981160368046347742e+01,6.447861598520502469e+01,8.402347645204820026e+01,6.055406609216225888e+01,9.938246154841787927e+01,6.665904270417408384e+01,3.975173963462396642e+01,7.366718424120347208e+01,4.732372701843641494e+01,6.537580424510723276e+01,4.683778538222009047e+01,5.340727128719764494e+01,5.181821921660716157e+01,8.791243880860253057e+01,7.499866214881132009e+01,3.568023223967755087e+01,6.107885497200086888e+01,4.457062380724734396e+01,9.676475363081739545e+01,1.031816547936936388e+02,6.392991702407068999e+01,5.831290180688930036e+01,7.066267208220543239e+01,5.863460114043876104e+01,8.314142607796428308e+01,5.216933390878088517e+01,7.023615331609842372e+01,5.938658866792604840e+01,5.025002606234637170e+01,7.339600530331158268e+01,7.000555653706410908e+01,5.894130030243861995e+01,4.597025261069413915e+01,6.774267992201858135e+01,5.727431948072062795e+01,8.639811118277953028e+01,6.080364279822551765e+01,1.623690171121718606e+01,2.423924304084246728e+01,1.101565279720531834e+02,1.168355211696646592e+02,8.019479084775286992e+01,6.761525000018272635e+01,1.164602810219714790e+01,6.345692427596102192e+01,6.125843158689051648e+01,0.000000000000000000e+00,2.521353512803009167e+01,3.861306858471825620e+01,4.570646177751983430e+01,8.032139898363128339e+01,5.984462992879686993e+01,5.795415200804922762e+01,8.448845409129827999e+01,1.246629211937183754e+02,2.599208530382036741e+01,8.265989971376872347e+01,6.937268054899988101e+01,4.313202846516400513e+01,8.972258345383752953e+01,6.862003526706200773e+01,1.083988898106636753e+02,1.134708668128626670e+02,9.098565361535635532e+01,8.476419972932939473e+00,2.666215859923627463e+01,3.180773993433204438e+01,3.179217052787323539e+01,1.293936138544357561e+02,1.334557653285246204e+02,5.917454269272396061e+01,5.002567282144480743e+01,8.035264656940697137e+01,4.658565772531172655e+01,9.751452697743596332e+01,2.083967872306129365e+01,5.333271454223172725e+01,1.829989636215736226e+01,4.439474765821521629e+01,9.709392400578261118e+01,7.028866229421926448e+01,4.741171011416272307e+01,6.020431253189628507e+01,1.325442372663886559e+01,8.572955913117201732e+00,7.296767545005846500e+01,6.811031216356171569e+01,4.787379253803885604e+01,6.102543666163140301e+01,7.501628480626951045e+01,2.352310252302553906e+01,2.169119261621847983e+01,6.247334543568752707e+01,6.621641300285688203e+01,5.480765925545711070e+01,9.077276560073069334e+01,2.693444359514451492e+01,8.258074177064779064e+01,6.185846526740924389e+01,5.622691978714353667e+01,3.669769591673489373e+01,5.333912746175413844e+01,4.692915978344070993e+01,1.050342238059498783e+02,6.114296530880375258e+01,3.690779537015068712e+01,4.802251932267829204e+01,5.784170896952097962e+01,3.786343338246438606e+01,4.351079723941914068e+01,5.718901399661282170e+01,6.229791886667296552e+01,4.771566506765131521e+01,8.663485059240420583e+01,8.069300035772879198e+01,5.210137227561980211e+01,4.121075607398141472e+01,9.745258861175472020e+01,4.707641686028914307e+01,3.502428325983892421e+01,8.959353188132742218e+01,5.153013185162440379e+01,6.008328857646358045e+01,6.761545492362539278e+01,4.271234669671416384e+01,2.683744644972732374e+01,5.033539105281541026e+01,7.321929764805750551e+01,6.892574766702227862e+01,1.009954496063469236e+02,8.287160631053563975e+01,3.483432608181638557e+01,6.245251181241588512e+01,5.970712244435921434e+01,4.487757269357388878e+01,8.167223849277865710e+00,9.782199393353737094e+01
1.184178269781258450e+02,1.313466585328758924e+02,4.970753478449744023e+01,7.494338674480974305e+01,1.019832309256827045e+02,7.182366034672392630e+01,8.650428047741920068e+01,6.309531076743048317e+01,1.080263723242770055e+02,7.211950289293335459e+01,8.197263668087296651e+01,1.199767507081231912e+02,7.430409065709415017e+01,3.952852682524172678e+01,4.695627446740754607e+01,1.025708435410176662e+02,9.119097718500360372e+01,1.754633556344481917e+02,1.279264347938981246e+02,1.553316500104274951e+02,6.194796285752289577e+01,1.632258139755584523e+02,3.139413357641651636e+00,9.349957996671366800e+01,1.455067259534783659e+02,9.560361371068991332e+01,5.830133696516720931e+01,6.819452567363794060e+01,6.111088267554831788e+01,7.235875740666668321e+01,0.000000000000000000e+00,0.000000000000000000e+00,6.605987140194903873e+01,1.188570106629302359e+02,6.859432843305322081e+01,6.185261642528080728e+01,6.403102584032049549e+01,8.090034958926950992e+01,4.319123486732299178e+00,8.725706298511690306e+01,9.921534083205315824e+01,7.566790562702811940e+01,4.765673841594272631e+01,4.919585809586482839e+01,6.494013984644867321e+01,3.947808630804298957e+01,5.840869060435981908e+01,5.191238830013080019e+01,1.587166029553808926e+02,6.343917473706792975e+01,1.399263722674359087e+02,1.242723651583319366e+02,7.780429636153790796e+01,1.046118667937871862e+02,5.725625796383848609e+01,6.411887487256089457e+01,9.303404088315636500e+01,9.923260353592417005e+01,6.875208013025591924e+01,6.150986905740625588e+01,1.598729681950354120e+02,1.102329588370017035e+02,2.420539969005751857e+01,8.622544665962517740e+01,1.492502174959271883e+02,1.173540541377889497e+02,1.246967382252201446e+02,1.212557079044195945e+02,9.394823912704903535e+01,1.656152369797434005e+02,5.317613043100618597e+01,3.791859471810880677e+01,1.084521643893176304e+02,1.818196965442973223e+01,1.354464872760139258e+02,4.630223443129817440e+01,1.544940728063595543e+02,6.694830182712549060e+01,1.252244956813238730e+02,8.072808528226775593e+01,5.864245261160444755e+01,1.120454372944594610e+02,1.209739762255083129e+01,4.999418707324568345e+01,2.552366396205534471e+01,1.140452041539415546e+02,1.131094743593209131e+02,1.862198477242063177e+02,1.184569013565416071e+02,4.097055408728381565e+01,1.158704391223039210e+02,9.673716184310282529e+01,1.140920780909784753e+02,8.006722475516018278e+01,4.308665107271431083e+01,1.122004082696449245e+02,1.299349064697967435e+02,5.466157741849930574e+01,8.028065105488677489e+01,1.425971322504515513e+02,9.450181534307353104e+01,4.421029004622366898e+01,5.002144773297526115e+01,7.353538095825263099e+01,4.511583649613930902e+01,1.414000086729516568e+02,2.749337604728874496e+01,4.585411209156745116e+01,1.154258882555077008e+02,1.301454966551442851e+02,1.148907346935082643e+02,1.107353447931346864e+02,4.012559040430572566e+01,1.504657295310455538e+02,1.194450181880483797e+02,1.064498200328685726e+02,8.453663523118351009e+00,7.196339813650762096e+01,1.295752987477801526e+02,5.749772072847049742e+01,7.217154400134616310e+01,4.570840033860065432e+01,7.467953182349731378e+01,3.862341883591371072e+01,7.573911184235269900e+01,1.922203876106531766e+02,2.913678307675514390e+01,1.300651200967545549e+02,1.270928513496434960e+02,1.207273672791360752e+02,4.909696346604823702e+01,9.864427705661722712e+01,3.124947075494672077e+01,6.521890666163928074e+01,1.019408444392247759e+02,8.877953546929505535e+01,5.407266879964795692e+01,4.722008530377076596e+01,1.116145393503226160e+02,1.003895220084805260e+02,1.042285769152065029e+02,9.629727737459586479e+01,4.969321986000024793e+01,8.337326277266502927e+01,8.299393168165353529e+01,5.609181392461028537e+01,4.843871835286216765e+01,8.297743573315555921e+01,1.142607544221102955e+02,1.267768945179405478e+02,1.226407480335787596e+02,1.186000895399534159e+02,5.558502144429471059e+01,8.091393862341314502e+01,8.737894990183831112e+01,1.427489170791850199e+02,1.192989539676852786e+02,4.015442919824719326e+01,9.740339951928663709e+01,8.739807577109685610e+01,1.385655124545192223e+02,3.625886730349073162e+01,1.055933450263152054e+02,6.182787123652119021e+01,5.960429091972895321e+01,7.431670863342526445e+01,1.353180736275912182e+02,1.757748372885293975e+01,7.624040793160595797e+01,7.929219578844730165e+01,5.975904806195757857e+01,1.209448773228690897e+02,1.079354023669214513e+02,3.434751669643699756e+01,4.811764629821105643e+01,1.446540408767622523e+02,9.146469195987840806e+01,1.322330261121008164e+02,5.448422073211008865e+01,8.909271133104515172e+01,1.383717297864776796e+01,1.109473710381233644e+02,7.514913664973806817e+01,1.103036612236822833e+02,5.055806532037941992e+01,8.170322318075365331e+01,6.089223409459523140e+01,8.891915454365009452e+01,1.040089225716558019e+02,7.789190883480678451e+01,1.036423822799041403e+02,9.350147799801372628e+01,1.036847867970232642e+02,7.880240834027884489e+01,6.830880605216665913e+01,4.788002965100322683e+01,1.639089808747991697e+02,1.888323486405213814e+01,4.058513603281440396e+01,9.209848022604970197e+01,8.292660897052017788e+01,1.347516276400493211e+02,1.056227675296215267e+02,2.053885508583024233e+01,8.234460645785489419e+01,4.763505680478137805e+01,7.928499838420212598e+01,8.814090215339435019e+01,1.033051299394607980e+02,5.646715111794491548e+01,1.066632114595433336e+02,6.682895677207447704e+01,8.312052410473276609e+01,5.391966202925123497e+01,4.664317960473342595e+01,1.338856388882054773e+02,7.693233231044064269e+01,4.389802240975332381e+01,1.371865291978116090e+02,1.115871692002948663e+02,1.011143407639354876e+02,1.495713058005855771e+02,1.110351279459576261e+02,8.900468350722371724e+01,8.340924737896422414e+01,1.032400091057701559e+02,1.059761510962909341e+02,1.500123769836257850e+02,8.246350423593599999e+01,6.844349761772429019e+01,9.667670785132324340e+01,9.938064991901009648e+01,5.392916347186356774e+01,5.404731508576422527e+01,1.045181864004277372e+02,1.506770550461031348e+02,1.249238692922247509e+02,3.599741688952140350e+01,1.387337113068945484e+02,1.397113835104292434e+02,9.934865768378098494e+01,5.635466705242333063e+01,1.152301691148448128e+02,1.016912244436948072e+02,4.327123653891889177e+01,1.064456095562181588e+02,5.831652537499548927e+00,7.468477311503724536e+01,1.043338891200846206e+02,7.161668625123341769e+01
9.478075183712415708e+01,1.153961973306599731e+02,1.455702947061021746e+02,1.476283803363714071e+02,2.428245093537427124e+02,1.209483176007014862e+02,1.545824824026137208e+02,1.572103239464285878e+02,5.088783530791381082e+01,1.017290371942437019e+02,1.457078909004991090e+02,2.455730472679557508e+01,1.761313401955859774e+02,7.483613261945451711e+01,6.460664382655097882e+01,5.686247679680868572e+01,1.573297400230308085e+02,4.858439723029040636e+01,1.186691045606873161e+02,1.220217982235916168e+02,9.541485123393765377e+01,1.504812548108924659e+02,1.195146621743580226e+02,1.382251590158872148e+02,6.451545107952890135e+01,1.354038406207632192e+02,1.566496282722322633e+02,6.610348291380768160e+01,1.870796312254624922e+02,1.026535767009626738e+02,6.663070008160647717e+01,1.419095001681569101e+02,2.051729420286963261e+02,1.018506777051767926e+02,1.467103389456689797e+02,1.026090630044554217e+02,9.474828587646831579e+01,1.239331399373683809e+02,1.482073421169446590e+02,8.781286735251994457e+01,1.458742342597168999e+02,1.485704577978449663e+02,2.013561785489275167e+02,7.123022578923908554e+01,2.861977157539021732e+01,1.741012228909325756e+02,1.437848249955847564e+02,1.603924937230904391e+02,7.866668756438119203e+01,1.081646238446165285e+02,7.864666827986164321e+01,1.277623953780405799e+02,8.271147757743091233e+01,1.550861598330198490e+02,2.064422428424846032e+02,1.703032469045224673e+02,8.358794719878454771e+01,3.825838495512277859e+01,8.854820958041219114e+01,1.330445306524314333e+02,1.547436197494803309e+02,6.911194786097104270e+01,1.176243213283980538e+02,1.100534073662334151e+02,5.790780908830188167e+01,1.255382994885362677e+02,9.602289676723719936e+01,1.346066906279107798e+02,1.708109568357889714e+02,1.410819577174540598e+02,8.222631796197568121e+01,1.277550404366555910e+02,1.293009870977363676e+02,1.560738784855021493e+02,1.169187840743222182e+02,6.818189576261632112e+01,1.184688617963275874e+02,1.430937716222199185e+02,1.305806891712471156e+02,1.496745214887748716e+02,1.251458049045450593e+02,1.118571335952566415e+02,7.938405851571862115e+01,1.112889192115089827e+02,7.393375701911283215e+01,7.924223413240761715e+01,8.158554788657249901e+01,6.180257034138778494e+01,1.216219473505841648e+02,1.224188547850384339e+02,3.395172508177794413e+01,1.134439120082304839e+02,1.178951269986163481e+02,1.210569069468536014e+02,4.157244926771838323e+01,1.541128105618697361e+02,1.634915137999871320e+02,6.762697774716984611e+01,4.479891888042817527e+01,1.591005011418862694e+02,1.138137504897995740e+02,2.067010923124715021e+02,1.038871976326151554e+02,1.044449708908227308e+02,9.860689518398675091e+01,1.411719775995135535e+02,1.686508092890386479e+02,1.442909198057795095e+02,7.943243515138219379e+01,1.417421322534280534e+02,2.061348854169220601e+02,2.059370492879782830e+02,1.432962759537902855e+02,1.239800000516975587e+02,1.820959224232008182e+02,1.382242725533134546e+02,1.237273939650869465e+02,8.093352194043379200e+01,6.407137433010049676e+01,1.336231397053194030e+02,2.102795212733508379e+02,1.022496434437952928e+02,1.299091369823342177e+02,1.291355613027443781e+02,1.208182932486399039e+02,1.083515215405235921e+02,2.044542986270733138e+02,1.109674409699760531e+02,1.601687716803545243e+02,5.243669858259814731e+01,1.297779337909597075e+02,1.089356329826241137e+02,6.703814636451106423e+01,1.170462917394452376e+02,9.563302555042962183e+01,1.038730278766166464e+02,4.338822829404185200e+01,7.080366857271516778e+01,1.560286857514294923e+02,1.061489038573345596e+02,1.783150807456545692e+02,1.472053386586747195e+02,8.369842954943359814e+01,1.771843322156220495e+02,1.404150231941588629e+02,8.959205052384007217e+00,1.268329512059293052e+02,1.173864988442920492e+02,1.145205545781502963e+02,1.724310417642873006e+02,1.337288153190124547e+02,1.778817886574581451e+02,1.625802202554410201e+02,1.532391596256246089e+02,1.744317782935478931e+02,5.320453355053724920e+01,1.020453269924353208e+02,1.909816353782242686e+02,1.125375724051074400e+02,1.930533008444389793e+02,1.222996358504447301e+02,1.749501994714575801e+02,1.313852081978124602e+02,1.370684137060501655e+02,1.072542778809871749e+02,1.060366547821782035e+02,1.402985440847410530e+02,3.324396097798860694e+01,8.523297316723831329e+01,1.661329430659807258e+02,1.546797969286530190e+02,7.487202220574924638e+01,1.600332829256214779e+02,1.231085881135555411e+02,1.550388615677600228e+02,1.385875811029537203e+02,1.292062865231169724e+02,1.617327448147409541e+02,1.351254443650701376e+02,4.576177491672402198e+01,1.739284239267055341e+02,1.773070872361601289e+02,1.420175965048888429e+02,1.446994208361280130e+02,1.556176875346726547e+02,2.088523751493303280e+02,1.414487744043031512e+02,1.508244555908116524e+02,1.647071929026728014e+02,1.621369513501665267e+02,2.211116784493958107e+02,1.137440794965366280e+02,5.052634734478442624e+01,8.946804497212993112e+01,6.338546886078226805e+01,1.326521444167451875e+02,1.466112533655905281e+02,1.338133389960759700e+02,1.380971824532610412e+02,1.261510876196484929e+02,1.168365017052430943e+02,7.488837272823137425e+01,1.118213312033123543e+02,1.205251036226671886e+02,1.609827370615373070e+02,6.841690653098089570e+01,1.114357982533714733e+02,1.582909456551494713e+02,1.321593568484894377e+02,5.632799984299106910e+01,6.391139270611108714e+01,1.420879102450554115e+02,9.292806109275721838e+01,1.649576763201622498e+02,1.718747763582110224e+02,7.164455673358925480e+01,1.756499230185630154e+02,1.224251651059703789e+02,1.159583765436421032e+02,1.477878378896478040e+01,8.313633700743413613e+01,1.397755688346840657e+02,7.224344330590899688e+01,1.076026450173779807e+02,1.211098683848353517e+02,1.355103999786903728e+02,9.584392321943909110e+01,3.121399050704720679e+01,3.649726784414347946e+01,1.090861315583895532e+02,1.916158647573712983e+02,1.414425737451942382e+02,1.551916236766692236e+02,1.531162805158750473e+02,1.484823785667157665e+02,6.404888598768816621e+01,1.401590697162514232e+02,1.315797305847738414e+02,1.153913520273380868e+02,2.437979183531098926e+01,1.560914765702819125e+02,1.955473636452180983e+02,8.613142771176313772e+01,8.984593810753707999e+01,7.108485859516675021e+01,8.604108832713855293e+01,1.092681769641869209e+02,5.112714709388025369e+01,1.409806097993086098e+02,6.335705947941220018e+01
3.079278254781452340e+00,5.495388455534458672e+01,4.235378533795697109e+01,8.303112492463829142e+01,0.000000000000000000e+00,3.501560557631719028e+00,0.000000000000000000e+00,7.157691766311508275e+01,6.690580678945168813e+01,6.438884113973463741e+01,1.029452320173623647e+01,2.062921727388396320e+01,3.707585559704070022e+01,2.688547593659108159e+01,8.644597068833604681e+00,6.813533191714624593e+01,1.287635349986200310e+02,1.025116951321237906e+02,9.364243298110712033e+01,2.826545119959866881e+01,1.173420571623993780e+01,7.775034077513120678e+01,0.000000000000000000e+00,2.923436773002264744e+01,2.500163010963107979e+01,5.084949320297216246e+00,1.080109921879289061e+02,6.090981712741353249e+01,9.094539019448313866e+01,6.108780907829017082e+01,1.866904352810869128e+01,3.793193866263801795e+01,1.225697282390045295e+01,0.000000000000000000e+00,4.886948077269094526e+00,0.000000000000000000e+00,1.911856265928140886e+01,3.770203696924498615e+01,5.427705450814966781e+01,3.440970190714416077e+01,5.898788533603997308e+01,2.277483727342499975e+01,0.000000000000000000e+00,7.256690480141725175e+01,1.497159202110872229e+02,3.188542501986106004e+00,7.752713368347818346e+01,7.425236590442745310e+00,5.845267898285601404e+01,5.977038632917037830e+01,3.406396209217945170e+01,1.091844148152726177e+02,3.984384587810153988e+01,8.762259775769740244e+00,4.167005198612346106e+01,3.293308693484216576e+01,6.187074067637738040e+01,0.000000000000000000e+00,2.553731154857309349e+01,5.131279954705004798e+01,6.719850307956450663e+00,0.000000000000000000e+00,6.221690948794659448e+01,2.257451638816572626e+01,3.472034580082036825e+01,1.770912571923459922e+01,8.043806653166295462e+01,1.887623134746839781e+01,5.546867466746014230e+01,6.376563899735328533e+01,3.881008273439104528e+01,5.754628936504238368e+01,1.221357229827516733e+02,3.085510780933579333e+00,1.449874376256938433e+02,9.380187904796733278e+01,7.973888233866559005e+01,1.026273282281042469e+02,2.602384046316514876e+00,2.555942423514975914e+01,4.582937327238576586e+01,8.605129359227431962e+01,0.000000000000000000e+00,7.673290656607038329e+01,3.714146777240665642e+01,1.194960805747976451e+02,1.447843766947709909e+01,3.686484168262448957e+00,0.000000000000000000e+00,4.832231273684664075e+01,1.152577847654848853e+01,0.000000000000000000e+00,8.423999034162940802e+01,1.054460069606398598e+01,2.824362007215040649e+01,2.612803751782475103e+01,5.922493361788011157e+01,2.873379084962085983e+01,1.020855226993237608e+02,1.034276699903388703e+02,2.848249740652749296e+01,8.619807532050515420e+00,0.000000000000000000e+00,2.870256137386077100e+01,1.687536599961943296e+01,8.470587560821224216e+00,4.864813628290806236e+01,3.496451920090684951e+01,9.526521780172298293e+01,4.367151292759740500e+01,5.078989542944736257e+01,6.650078204536217186e+01,6.594379081371050688e+01,3.936629319962226248e+01,0.000000000000000000e+00,2.225431075880855314e+00,6.875697969170593638e+01,1.126931955051715306e+01,1.006968788889370359e+02,7.388952869794880485e+01,3.760885169877570267e-01,2.201984114245167135e+01,3.653270921277771066e+01,5.988157685578248390e+01,2.988043697219347905e+01,2.914283113638092715e+01,1.168699328846647205e+02,2.413896651774642521e+01,1.340265894242199920e+02,4.241521665975891864e+01,1.378181936450996261e+02,1.936264005131278054e+01,8.818853970638141249e+00,2.925478701547895710e+01,1.026547691816397929e+02,5.075615207020333308e+00,4.598129370578204700e+00,6.391427323205351740e+01,7.345564231778271846e+01,1.167949902947214724e+02,1.964831765101540118e+00,8.152118037930009109e+00,1.011091965998890885e+02,1.293654929224504357e+01,4.935934694799704037e-01,5.856620323327057065e+01,1.002145490411382838e+02,2.886335619678284914e+01,1.258098205425533820e+02,6.014200635809250350e+00,3.075556602015611318e+01,2.191180021468505501e+01,1.452027365318811292e+01,9.288152866454696266e+01,1.015553344085263987e+01,0.000000000000000000e+00,3.848389313710302417e+01,6.238839473346685338e+01,4.773334992334739013e+01,1.555713102877836640e+01,5.878698466183421090e+01,4.231150595905442202e+01,2.805060003030111204e+01,0.000000000000000000e+00,1.098259137718079437e+01,2.092248484310032808e+01,8.870362641316825503e+00,3.481280537120534291e+01,7.273153637892157519e+01,7.045070229523351202e+01,1.787333906286612617e+01,1.064821156920860368e+01,2.244975243778424812e+01,5.558993632516619599e+00,2.169454413022370076e+01,3.609608132360776978e+01,1.081865033091861328e+01,0.000000000000000000e+00,1.123931460608163135e+01,6.810370306489008385e+01,2.793773092433975425e-01,6.538593245590811875e+01,4.290705204426315333e+01,2.551997467702307176e+00,5.732600821650779466e+01,5.123174815577573327e+01,4.462323010933573642e+01,3.563284231337890873e+01,2.114755994332199407e+01,7.920307645162650090e+01,3.023156962454885743e+01,2.571190067224091180e+01,1.637618934982864971e+02,1.175680140154155318e+01,0.000000000000000000e+00,1.380628984224249578e+01,0.000000000000000000e+00,0.000000000000000000e+00,9.287332407237322229e+01,8.068268593932646127e+01,3.052896966632051345e+00,3.356906198815701714e+01,7.352400922993388122e+01,1.894415265534492221e+01,6.313169192932139850e+01,1.157991027174452014e+01,9.803532203741853834e+01,7.199087507681419140e+00,7.767176715700061607e+01,9.992776093880283383e+01,4.266711773255436668e+01,1.528064977940333904e+02,2.952245719348697151e+01,3.655248520581325522e+01,5.722411809763562118e+00,9.058964634456552645e+00,8.076567568523398677e+01,4.311080457414283273e+01,6.870721636976660385e+00,2.879968629408966052e+01,5.864789269879778288e+01,8.499352422473546653e+01,0.000000000000000000e+00,5.149558787244966851e+00,1.704111116388375535e+01,1.240365576075820542e+02,1.268570534754171746e+02,4.347127541031510845e+01,8.607272943939642929e+00,0.000000000000000000e+00,1.360837015706430577e+02,1.897406333598224748e+01,3.667713318277179724e+01,3.198590739667266369e+00,7.858970462628103348e+01,0.000000000000000000e+00,6.325205861236775640e+00,8.829212334195983658e+01,2.782383448830927719e+01,6.112567367176799848e+01,1.120950859071093362e+02,1.543504271069316758e+01,1.241829491367019500e+02,9.934097601749336093e+01,5.947466104235148521e+01,7.907004677861735331e+01,2.521819607068231051e+01,1.063709918976663715e+02,7.324484461741911900e+01,4.911691108948000206e+00
1.494455880597335522e+02,2.060333818323746584e+02,2.530322464681633789e+02,1.449684608778052279e+02,2.492113572151661458e+02,2.089115390036741076e+02,1.916849802817640978e+02,8.876330002069423131e+01,1.405292551643680952e+02,2.037059008871879087e+02,9.919115061291930147e+01,1.522157159921323739e+02,1.091014685777026330e+02,2.281557868911003482e+02,2.495412510966186801e+02,1.391936327905696658e+02,1.769320294610536450e+02,2.330047519114469878e+02,3.124840601221611109e+02,2.334274587279505795e+02,2.400561716682905171e+02,1.519373981806723179e+02,1.500381784245635117e+02,1.463861411967205584e+02,1.134527524409192836e+02,1.747296962560737938e+02,1.568918324977782675e+02,2.310007915720519804e+02,2.098076858753521776e+02,6.895183135599697266e+01,1.362914154084694758e+02,1.204358857976212249e+02,2.213171299215173065e+02,1.821512120093154579e+02,2.062574398251090599e+02,2.177656941140457718e+02,3.024585450380531029e+02,1.966942934638565248e+02,1.766473446121789550e+02,1.845239311902175530e+02,2.035631226573025288e+02,2.377273382259421055e+02,1.558471550245992034e+02,2.186303538806564291e+02,1.827495540985564446e+02,1.008774023843147347e+02,2.005171008305323426e+02,2.095039196891199254e+02,1.791204112966859725e+02,9.140535096939987625e+01,1.410207832346690964e+02,2.410121651903719453e+02,2.237632372825782454e+02,1.029745650831148112e+02,1.701943835659287743e+02,1.441644574223110737e+02,1.924369596714670934e+02,2.710779489893026266e+02,1.864677547621895997e+02,1.402706109680400743e+02,1.527287685268894393e+02,1.597680849395908069e+02,1.700480042189776100e+02,1.561264687393265831e+02,2.154859709913553445e+02,2.022605190975192500e+02,2.044917152772073621e+02,1.624304583362046230e+02,1.713096983708314269e+02,2.449729971720300625e+02,1.855386100292849960e+02,3.079006943716802311e+02,2.084315841256392616e+02,1.682817588328768181e+02,1.663061248230651472e+02,2.755896365398153307e+02,1.872994214334183312e+02,1.840154343993492603e+02,1.652281175445151007e+02,1.965807624180172297e+02,2.149472877335839200e+02,2.059376290891034671e+02,8.915267777986046838e+01,1.784882762814178534e+02,2.234982179293062075e+02,2.115999850045112112e+02,1.024906311700924277e+02,1.390841787889621060e+02,2.655800634116851597e+02,2.276731364046202373e+02,1.805835242872740594e+02,1.949133945445944960e+02,1.701978284787243183e+02,2.415506359252563016e+02,2.026463064112704444e+02,9.903700123030647262e+01,2.285675140136882817e+02,2.642147353393492040e+02,2.021192498667517157e+02,2.001876128029201425e+02,1.090283893661093657e+02,1.430255086604174721e+02,2.388189120617491881e+02,1.789860918844034074e+02,2.397720032014143214e+02,1.161747581946176666e+02,1.459177727667068893e+02,1.514495242113449933e+02,2.624502173420406166e+02,1.707097320990223466e+02,1.293785716918004880e+02,1.620994417417615239e+02,1.374039345785957664e+02,1.600668994882560696e+02,1.823140114713958440e+02,2.271274255798882109e+02,1.385613559540893505e+02,1.601684775694355949e+02,2.244307574297048689e+02,1.751699168825359436e+02,2.336678859088261220e+02,1.884619321184990497e+02,1.273877862638669995e+02,1.018425065516584453e+02,1.003453734659749301e+02,2.639059424574835475e+02,2.301484419509918382e+02,2.257947291350205319e+02,2.022781924603721109e+02,1.739948046673316355e+02,1.326479879191710722e+02,2.246168349757084002e+02,1.824241382047871127e+02,9.340500346806716436e+01,1.424106341040498194e+02,2.685670372815170026e+02,1.929749656008602869e+02,1.635495737937171157e+02,6.164844809755651767e+01,2.229475584839947828e+02,1.410688716740191353e+02,8.213011003645300434e+01,1.855630653026510117e+02,2.225097212285734543e+02,1.246633993714450810e+02,1.545273253525755592e+02,2.834718630482922777e+02,1.650941848575510278e+02,9.863851503458670322e+01,1.138461925903754661e+02,2.790590568930857671e+02,1.409414358087590813e+02,1.776952003818130947e+02,2.809154949013475289e+02,1.807136114436506773e+02,4.948350403456716151e+01,2.910528561685764544e+02,1.173709732822820229e+02,1.719607987747199616e+02,2.194104477549154808e+02,8.360956686936570748e+01,1.192908683939391636e+02,2.440288129406004032e+02,1.890743013102501209e+02,2.212535874760724539e+02,1.651138686747953557e+02,2.036389909145657384e+02,2.211596152931348058e+02,1.845265268583561067e+02,1.025696245945610485e+02,2.998457999561939573e+02,3.579637285250938703e+02,1.168001385844772955e+02,7.148496937287568187e+01,1.552441005485157177e+02,1.913267451200242704e+02,1.236707002698045699e+02,1.628283940571001267e+02,1.582147859669520642e+02,1.235656293611363878e+02,2.223365878840987762e+02,1.756177422760050888e+02,1.831066672409661749e+02,2.574483089544761469e+02,1.967631390166662584e+02,1.516764328023618020e+02,2.102567078919502137e+02,1.557629640825367119e+02,1.514455879883180955e+02,1.925119489536542119e+02,2.891452655163197960e+02,1.831020657425333695e+02,9.391434202512327545e+01,1.993686467495060413e+02,1.834165759558905506e+02,1.906860903874068640e+02,1.878252031070335022e+02,2.387282609233535311e+02,1.885073176578865173e+02,1.649079532902523511e+02,1.835220167742849640e+02,1.861165062364243568e+02,1.767720624894962782e+02,2.134670307514984415e+02,1.309996717421727794e+02,2.064395654458614047e+02,3.164421277903865075e+02,2.273624151200517645e+02,2.030215410884065363e+02,1.589936685931638181e+02,1.133454667101166109e+02,1.045289563307370315e+02,1.775267698315004168e+02,1.521933850990821213e+02,5.844578402395674743e+01,1.997343360910117269e+02,2.440411698232847186e+02,2.655209454674166523e+02,1.069799635812170493e+02,1.507033248936022574e+02,1.996930618622277791e+02,1.977910271830361069e+02,2.285617990306917591e+02,2.312669854260136617e+02,2.185838538803924962e+02,1.148248246978724012e+02,1.587902944964224616e+02,1.812079011518409004e+02,2.869904107072825354e+02,2.258831530965360344e+02,2.329212737570478851e+02,1.348167301963234763e+02,2.466699626565066410e+02,1.233473954500556715e+02,2.398324439366514298e+02,1.676887370787822249e+02,1.981619891075703492e+02,2.641871973171835180e+02,2.184290446819088345e+02,1.899482607031444275e+02,1.505287452263294767e+02,1.775664786747685469e+02,2.944329843060994563e+02,2.018686589026316938e+02,2.036913100650562001e+02,1.847705866132091614e+02,2.623226608666739708e+02,1.147678822412699020e+02,1.998616588839331882e+02,1.475175430001189341e+02
1.547582731788021420e+02,7.596142015400779712e+01,1.701744450150964383e+02,7.768783295958289159e+01,1.901651222854756327e+02,1.530772933339415260e+02,2.053814105047491125e+02,1.621117068739377203e+02,1.642309726152505220e+02,2.282923961456257302e+02,1.070920377794872422e+02,6.638905837235276408e+01,7.132381552013652026e+01,1.314249623302249006e+02,1.296191260755070971e+02,1.376409128752284516e+02,1.251404989279820938e+02,2.930932552311715540e+02,2.117857337835319811e+02,2.516569548968467629e+01,1.488466235047142447e+02,1.824428237318359152e+02,2.422664883195540995e+02,2.421644322777124785e+02,1.434132635869646322e+02,1.802697596406466687e+02,1.701142810146700128e+02,1.802568372252159747e+02,1.641718382916326391e+02,1.100060804901939520e+02,1.173174944470050463e+02,6.226653650468032453e+01,2.079623311022496637e+02,1.395438845238596173e+02,2.418606698017989629e+02,1.898932603430694144e+02,2.218102306559285921e+02,1.384688124460408858e+02,1.565001420772958625e+02,2.804975387068478199e+02,1.821322035851564749e+02,1.631655071487054727e+02,2.417586329266401037e+02,2.041184028543700322e+02,1.702155276591793722e+02,2.517803875235029523e+02,1.750697021014661914e+02,3.079509950686585285e+01,2.835539604152192510e+02,1.930410692553211049e+01,1.648007375855743248e+02,1.992744339670385330e+02,2.896286243760029038e+02,1.838543637525488350e+02,1.063486207000688921e+02,1.084240131558324407e+02,1.917312739480669279e+02,1.425754795349044741e+02,1.872082509664474230e+02,2.111925162616397245e+02,1.347184634570191974e+02,2.234346326113241332e+02,1.662400292095368570e+02,1.660776391814638941e+02,1.747584579028080327e+02,1.408745650564721359e+02,2.694823817675666646e+02,6.629017286331115599e+01,1.800875428271025953e+02,2.055416097112526757e+02,2.267324458034757697e+02,1.111351529790007362e+02,1.410646308930467399e+02,1.713723182460918792e+02,1.537842790726837165e+02,1.075900589903267246e+02,1.077965419724261551e+02,2.566582114418921492e+02,5.549911825548463185e+01,1.049995186408669525e+02,1.796330893625596445e+02,1.083659858650540855e+02,7.969432572954535487e+01,1.060382130639530658e+02,7.820330859008225843e+01,1.204407537092537268e+02,1.036655649438132372e+02,9.340531933745089077e+01,1.314336583858154484e+02,9.094902124700900004e+01,7.129021057133739703e+01,1.896083654697065697e+02,1.424532680058331948e+02,1.775472955894894938e+02,1.437801052701328217e+02,1.686383452979556807e+02,1.601055629651891365e+02,1.152812446848703871e+02,2.229552443011829723e+02,1.909598478536011044e+02,1.779608177702986609e+02,1.762769386463270962e+02,6.550643029346065305e+01,1.828679476621566664e+02,1.500264871621479301e+02,2.031030178475265018e+02,1.515866517108493952e+02,1.467776708971628921e+02,1.092031192699630111e+02,1.913883194448593486e+02,1.493791311636655337e+02,1.794235017502726919e+02,6.342440297021586559e+01,1.342123894794193291e+02,2.473374842399807108e+02,2.380326087982213039e+02,5.053107619703330045e+01,1.719127855673686156e+02,2.494838433045482304e+02,1.836184808794409093e+02,1.843571928838987617e+02,7.693391522608840205e+01,1.030867563536582168e+02,4.758246115046185309e+01,2.310221459758351727e+02,2.891173256467475881e+02,1.203043993949226120e+02,1.860016584316585124e+02,4.168361848654427604e+01,1.370259622488726166e+02,1.140431998893135415e+02,2.865524920034167167e+02,1.911063823547118830e+02,1.939237781948723125e+02,1.801837323938846964e+02,1.162021747761026376e+02,1.820457902754484678e+02,2.250508151967112269e+02,1.419573965707218690e+02,2.229597286986478082e+02,1.256512008835741483e+02,1.937268041495863997e+02,1.193937167550794243e+02,2.432941371760487641e+02,1.295036429190036245e+02,1.079541471073893319e+02,1.285909308013628731e+02,1.978288819636782137e+02,1.021932932861875258e+02,2.310340453740111570e+02,5.863631816209909431e+01,2.174002662822931029e+02,1.978374791939945680e+02,2.473585135695338124e+02,1.469085760262101701e+02,4.127082347402574669e+01,1.595928128758912408e+02,1.837549519352649270e+02,1.811954832862599289e+02,1.533690256870384019e+02,1.265208081945814911e+02,2.033668146837904658e+02,1.419137864621818323e+02,1.163854809502414298e+02,1.531704003629732540e+02,6.375210999074872831e+01,1.973410517479736086e+02,1.916241883779359512e+02,1.154091888703118798e+02,1.701959893218366631e+02,1.784487594263266317e+02,6.687897813281864501e+01,1.189617397055853161e+02,8.619799075335359362e+01,2.349340620803279478e+02,1.138825786563597404e+02,2.688931819298936716e+02,5.217230461058063895e+01,1.646705295777795470e+02,2.478268907080698966e+02,1.514662595506008813e+02,7.118014489178574422e+01,1.145527821086456726e+02,1.357204180990636928e+02,1.459330343551618228e+02,3.326931557782926916e+02,2.726749803680525588e+02,1.487148931364543216e+02,2.133754200270432477e+02,9.430018550606757799e+01,1.799181322774857392e+02,1.550466699933151062e+02,1.936763456482699155e+02,1.694237420772960832e+02,1.029333452800407116e+02,1.600652986241577196e+02,1.215460632716818878e+02,2.183581068086655534e+02,9.377339766033018975e+01,3.054303861202811277e+02,1.323840354687385172e+02,1.773055549239749098e+02,2.789238693284219721e+02,1.302226099604110061e+02,1.893474086577971036e+02,1.782159455818533047e+02,1.796221171309431384e+02,2.141676363956687794e+02,1.313261683371335380e+02,1.548380225703404278e+02,1.868389283224555584e+02,3.383192774515849806e+02,2.715715349796819851e+02,2.563264566407632472e+01,1.567000836952590248e+02,2.021525352470665950e+02,1.552807991690983513e+01,2.286095782438930826e+02,5.184576039021809635e+01,1.543107542239797851e+02,3.131097421681098467e+02,6.051822090497990558e+01,1.541550782913484170e+02,1.588384760245498342e+02,1.622553978563417161e+02,7.751548695098281883e+01,1.159971096745735366e+02,1.726758463530200629e+02,1.022219389383695329e+02,1.766951917806939321e+02,2.268229854550689026e+02,2.044643945612582172e+02,4.635709163465193683e+01,9.358372067694793373e+01,8.732610880797756181e+01,7.636597129165092213e+01,2.500878531327527128e+02,1.305850665298027593e+02,1.744014859067401630e+02,7.874856769065543460e+01,1.730299684277733263e+02,1.159860599987357972e+02,7.078720950860909511e+01,1.664960839561711623e+02,1.413915019817685845e+02,1.160680268248828355e+02,2.411187355524504028e+02,6.180031443741227548e+01,1.661312881239940680e+02,1.530694179822854721e+02
1.847699659285859184e+02,8.781755603363130547e+01,1.815773537787258931e+02,8.436869996148604400e+01,1.662682462445308147e+02,1.674256905827600406e+02,1.409826958084561284e+02,1.430641288219999012e+02,1.714430167875457016e+02,2.266331509373179927e+02,1.891218884577649533e+02,2.039998790669842208e+02,2.601266241726950739e+02,1.299265407954537750e+02,1.742673536659806359e+02,1.441201802308756044e+02,1.204311983505864418e+02,1.555399990680924134e+02,1.543945000919537449e+02,1.396811163143680403e+02,1.622033493676951821e+02,2.570836950578105871e+02,7.993999811577985781e+01,1.393532126506985946e+02,1.818457600284729381e+02,1.577186997652025582e+02,2.781685010829568228e+02,1.868976524073692929e+02,1.659804146300943444e+02,1.797839906452524588e+02,1.810982099185457912e+02,2.186813223761213578e+02,2.017875033344070914e+02,1.177006187274202205e+02,2.701889394058582070e+02,2.214588875297172592e+02,1.585686004700480680e+02,1.925706035301167560e+02,1.923825930535976454e+02,9.200856060248545987e+01,1.437608675631417725e+02,6.543113790735750968e+01,2.140736294158370185e+02,1.643341812966692714e+02,2.332904039244586443e+02,2.679185656771648496e+02,1.264596831768099889e+02,1.062478179900523401e+02,1.620102898056596246e+02,1.372832261750164378e+02,1.762622027875525532e+02,1.247948797273581363e+02,1.098662373230784368e+02,2.948205867266527207e+02,2.423905594218418571e+02,2.063359207237108990e+02,7.211792406239652564e+01,1.676932940010750599e+02,9.830602141667166904e+01,2.322501250920511495e+02,1.865796663364055519e+02,2.696885657338918918e+02,5.216524865959500801e+01,1.517027284166947538e+02,1.064805818046329335e+02,1.326663903268217268e+02,1.738809838227165585e+02,1.922576632245917949e+02,1.890423105080882067e+02,2.081849044826162753e+02,1.786681160259289527e+02,1.881427766289720296e+02,1.630539958822529911e+02,1.282676051190931616e+02,1.461261437968772725e+02,2.426312869883431063e+02,1.178221464554112856e+02,1.584827850797169049e+02,1.977930747938791569e+02,2.067731071840636901e+02,2.850127715796364214e+02,1.206039072262428107e+02,1.574782153431573022e+02,1.490396033160571108e+02,1.835281928334316888e+02,1.130698037205059592e+02,2.168115057443231137e+02,4.068606095938071121e+01,1.209594417251080500e+02,2.250063223074900236e+02,1.194371292979580375e+02,1.541982344589576996e+02,2.556320614448622450e+02,1.417352384879452245e+02,1.949468501885620242e+02,1.578114473349441766e+02,2.008864392482539074e+02,1.598445166896278522e+02,1.217322823575859161e+02,2.419331168742463944e+02,2.061939457719952884e+02,1.947118882858675306e+02,8.631059277215022973e+01,1.360316843488715506e+02,1.180627176836672163e+02,2.652303379898061166e+02,1.566867591520245924e+02,1.858878708157864139e+02,2.575241470384684135e+02,9.698313057821864902e+01,7.910717417293545850e+01,1.829139595111400922e+02,1.719714394368824060e+02,9.489013592934912822e+01,2.793068972570064830e+02,8.986927411633655538e+01,1.983627107992592471e+02,7.091575399780379030e+01,1.244231781420197223e+02,1.591004723932861111e+02,8.375819969758732952e+01,1.924369819634073906e+02,1.400767020055126295e+02,7.520813476209551141e+01,1.575703901889947360e+02,4.876364370226012568e+01,3.105156697854879440e+02,1.711802882570163433e+02,1.357197490471553465e+02,2.686650311155474355e+02,1.403539865002615272e+02,2.678772223390119507e+02,9.856911179981977966e+01,3.018121512826774619e+02,2.681493677174330514e+02,1.366753312908651594e+02,1.531123605965905199e+02,1.099016581905163008e+02,2.162601039611944316e+02,2.068853767162276824e+02,2.137541962122395489e+02,1.480567008930011355e+02,8.844860285911082087e+01,2.126617180544417636e+02,1.263181637129293051e+02,1.367492105328961713e+02,1.115150271608928421e+02,1.618239516312968078e+02,1.670368527020724798e+02,2.205255687021752635e+02,1.134004347301185192e+02,1.645589085116493777e+02,3.143304269526040571e+02,9.208246840064205685e+01,2.220993922564274783e+02,1.562255100362643532e+02,2.469611911506931961e+02,8.231768750957760972e+01,1.757183517436843658e+02,1.597191846653292657e+02,2.605044145211286946e+02,6.012359207581211251e+01,1.899680909652046523e+02,1.606925937214465137e+02,2.188326527751851245e+02,1.146089123458233843e+02,6.048484363423867194e+01,1.057729015900969074e+02,1.796471815002061021e+02,1.915408934617261139e+02,1.652154563351422212e+02,1.418768712778908991e+02,1.148683074948855989e+02,1.342623929109172423e+02,1.334866855001299939e+02,6.906252769166569294e+01,6.865168696496807854e+01,2.281195203476663664e+02,1.121330675230520910e+02,1.063237699306611432e+02,1.963011092069950507e+02,1.863413006886378298e+02,1.430552952394807846e+02,2.962292791897542088e+02,1.909886913432445965e+02,1.705684129641218476e+02,1.971006642163666527e+02,2.274895433169173202e+02,1.940641894229564741e+02,2.235051478423476397e+02,3.144752215254798102e+02,1.696930089978392289e+02,1.708800436966810139e+02,1.292758943016416424e+02,1.202896999372783711e+02,1.912324480556466426e+02,2.070741264490013407e+02,1.441404498884484155e+02,1.768768163896926353e+02,1.570633692487804751e+02,2.331402537399995083e+02,1.227603723877610093e+02,2.370660708955866198e+02,2.250892794175621816e+02,2.533660424656622183e+02,1.848725866011498340e+02,2.574438126972754048e+02,1.969702776931267465e+02,1.718308418126203208e+02,2.625805840060988317e+02,1.638925649651696972e+02,1.980048954270735067e+02,8.779776519614715369e+01,8.901177225515894520e+01,2.020306033076045651e+02,2.139962883593143204e+02,2.440240794850410850e+02,1.657815012746347918e+02,1.683098734963801633e+02,1.459423797883941347e+02,1.707290647827882708e+02,1.537722234608903875e+02,1.285237952278912417e+02,2.333736694635941831e+02,1.606016282922518599e+02,1.243274592732973503e+02,1.921150368807430482e+02,1.258514966880601094e+02,1.897784368085076778e+02,2.224879104085256358e+02,2.104265231035101635e+02,1.811912079898917796e+02,8.606332007033115872e+01,7.041463230234931814e+01,1.707670550743130775e+02,1.770254817516767503e+02,1.565598940345089432e+02,2.837572981814469699e+02,2.332401505212293387e+02,1.168252213767933512e+02,1.244451105969901619e+02,9.568865558649572733e+01,1.349722791163760007e+02,2.276203962620921004e+02,2.128976538284272522e+02,4.858206345926147662e+01,1.183715799642698414e+02,1.152446209911763759e+02,2.369742198667418904e+02,1.289943413412628956e+02
1.804964289314690689e+02,1.667368457689707952e+02,1.936049229313853459e+02,9.063175639879608525e+01,1.979610694850754555e+02,1.450674643392780467e+02,1.274710146893559113e+02,2.302719729424952391e+02,1.918496078237692473e+02,1.519510246381796037e+02,3.194338972020684650e+02,2.544387830595111382e+02,1.966444089649584441e+02,1.726815362094728812e+02,4.073627420867849480e+01,1.576355056803543562e+02,2.047604323285822829e+02,2.377619236457065313e+02,1.329690508679677805e+02,2.118238355550699055e+02,2.043076017597691703e+02,1.860561470385155474e+02,2.024861038305211594e+02,1.236637471126073677e+02,1.559725129609745977e+02,1.866826243583277289e+01,1.494780350536694868e+02,3.546182953894614087e+01,1.710906703480796693e+02,9.532108185103210474e+01,9.530401762717907843e+01,1.092812129644656096e+02,1.901103219052501458e+02,5.835417902608624985e+01,1.443689856843137704e+02,1.813703864588607928e+02,2.810594111716868326e+01,1.343955162406804504e+02,5.118299431302357760e+01,8.457741525915196235e+01,1.413067340364661106e+02,2.188553744600234836e+02,2.068955672130461494e+02,1.890311172680154641e+02,1.549826165846336892e+02,1.562517448122030430e+02,1.288600900963817537e+02,9.588480930066479857e+01,2.172873704176309104e+02,1.731799417128117113e+02,1.856583069476921253e+02,1.572190148431132002e+02,1.413021947942687291e+02,1.353332769567742844e+02,5.809965225369645481e+01,9.866989874060109855e+01,1.723381049754020182e+02,1.501667510552257454e+02,1.923032933214690559e+02,1.335367326795488054e+02,1.158637602282522749e+02,2.419199618713455209e+02,2.098353451056491394e+02,1.236395725457375079e+02,1.639503468461794853e+02,1.007636718658763044e+02,1.924821293695221982e+02,2.059595287524571461e+02,1.448938714358451705e+02,3.796518884625452017e+01,1.453673195016133377e+02,1.591703388025261177e+02,7.588811473654415352e+01,2.103195950060211317e+02,2.362754460495765159e+02,1.846061737022388058e+02,1.579666623578131350e+02,1.466393486506641182e+02,9.659657235162281097e+01,1.551713801571626448e+02,1.568047556299023029e+02,7.863306549495834474e+01,7.882510076917063202e+01,1.203527683756826576e+02,1.248561782821652741e+02,1.371398660037688444e+02,1.069446886931977048e+02,2.528180820201880010e+02,1.392252392299799908e+02,1.221941645231499791e+02,1.400762390319091537e+02,1.315600709263491979e+02,2.249642428696836305e+02,2.578816786018920197e+02,8.157080963971593235e+01,9.927426139425948293e+01,1.767523142752457375e+02,9.775654640431552878e+01,2.630092695321629890e+02,1.146202554613074795e+02,1.535378015426418585e+02,1.380369860188808104e+02,1.226751008806602385e+02,1.729522740117694468e+02,2.653278717266317699e+02,2.499910698447469315e+02,1.878679004570095401e+02,1.116633801675665723e+02,1.631145647269928816e+02,1.800081365070020638e+02,1.045934045067837417e+02,1.350692871402059154e+02,1.963920186757812303e+02,1.360178031974205624e+02,9.915664608808957325e+01,1.430015244692631882e+02,3.068371819251318016e+02,2.592964719025515592e+02,1.845181945256731524e+02,1.390443895931881535e+01,1.350558730945436423e+02,1.971869190147069730e+02,1.367806122673997322e+02,2.602202067080303891e+02,2.023304391255381347e+02,1.453603253086547511e+02,2.703164752003777380e+02,1.617014219648811775e+02,2.105597441170182265e+02,1.995363783960435455e+02,1.535141617986471658e+02,2.261314450062008063e+02,1.858271216592839892e+02,2.772494266465623696e+02,2.150096148820443034e+02,2.222049526558074035e+02,1.804106166931949247e+02,9.782783403148744128e+01,2.374592432801328812e+02,2.082137588596157514e+02,1.111174191046883806e+02,6.660176608271518717e+01,2.014321725557908564e+02,1.944269533316848992e+02,8.577498194186257763e+01,1.540309372786351787e+02,9.682323294308069705e+01,1.449703754589116897e+02,2.004963993980374823e+02,2.215711712627878285e+02,1.618136129402306551e+02,1.521469315862506164e+02,2.550339192891234177e+02,1.688995481748245311e+02,1.286068702587587893e+02,1.347714198458354815e+02,8.586281371992866696e+01,2.054118253824080682e+02,1.669960009489527977e+02,9.689904286337248607e+01,1.428144565175989271e+02,9.741818736514045440e+01,2.489084493195378229e+02,8.622292156543291242e+01,1.679973504292156576e+02,9.201413499552197095e+01,2.226377990244285456e+02,7.703330825593124587e+01,1.434239918010458439e+02,1.041318013639912010e+01,7.105095215782769458e+01,1.340246676025288934e+02,1.460884056261655530e+02,4.614828699186168848e+01,2.328609221997339773e+02,1.410802975270517550e+02,1.690813920999960942e+02,1.688907189543895697e+02,1.522033755266677417e+02,3.165234013054899833e+02,7.637869957091314177e+01,1.738549180034745234e+02,6.417017876328029047e+01,1.365996985903875895e+02,1.300989244391060140e+02,2.022768204799214402e+02,8.182316426152519284e+01,1.856942328731974001e+01,8.460102950793518062e+01,1.888485245072594125e+02,7.132875153023358905e+01,1.477108138894597289e+02,1.549703051385803860e+02,1.991036358072215364e+02,6.711592943563937297e+01,2.133650223784659659e+02,5.377082297133713951e+01,1.928274501496393043e+02,2.165761997109196670e+02,1.623890646177037524e+02,1.494951850876085473e+02,1.080401591460239246e+02,1.685610052706695114e+02,1.861906990030198017e+02,2.168755766985000832e+02,2.199529032071870915e+02,2.709277370305113308e+01,2.684292822998689303e+02,1.858232899585327118e+02,1.407557422632289388e+02,2.193097793194451413e+02,1.881689420489685745e+02,2.152119204372017691e+02,1.463989036104744912e+02,1.577616162854284880e+02,1.008449393610366656e+02,1.034152496587023649e+02,1.848277986815815268e+02,1.858203861597498019e+02,9.084175232043590142e+01,1.528861965599450912e+02,1.525388212334378863e+02,1.611176852742657957e+02,9.085006261880924683e+01,1.217514190740553204e+02,7.657944517167544518e+01,1.214455631552732768e+02,1.596548342640427052e+02,1.969894951682882152e+02,1.023572671385556703e+02,2.060727332267302643e+02,2.113525131904150385e+02,1.868647426363566524e+02,9.985288711825100449e+01,2.009909631458073704e+02,2.304536099071935382e+02,1.956123445101481764e+02,2.837319646955970711e+02,2.035796591008382848e+02,1.123981257799281082e+02,1.391629113078945466e+02,1.355409668475393516e+02,1.119961173269415866e+02,2.342799400887859633e+02,2.304122573479207574e+02,1.606646377556413086e+02,1.549183529639348933e+02,1.364723333228181161e+02,8.530154012183314194e+01,1.509683776662433274e+02
5.795337867363897288e+01,2.026558822746541466e+02,3.775249677405519577e+01,1.503189928854750121e+02,1.682900272927896594e+02,1.117917334276601764e+02,1.387342441966746946e+02,1.383921101617312566e+01,1.921563468868709492e+02,6.867740135680423919e+01,2.634389008242261525e+02,2.206102726811359958e+02,1.111188834478672476e+02,1.133614289016182397e+02,9.122940986367852645e+01,1.473546320781550776e+02,8.693323053605246287e+01,1.241733679920434952e+02,1.120941049048767866e+02,1.755383656421527405e+02,1.568095336925940160e+02,1.566709807604263744e+02,2.211572375774738362e+02,1.384450201441380273e+02,9.912659483176514641e+01,2.503080906759259960e+01,5.771614314759285946e+01,1.180396122213783450e+01,5.866487603288338448e+01,1.615369933954607973e+02,6.280109115702837386e+01,1.418215936399258794e+02,9.714024562419302811e+01,1.561498454771481192e+02,6.988839467194313215e+01,8.956755536825379238e+01,8.384079992121075975e+01,1.036651661311447725e+02,3.993773333805776105e+01,9.494696862040909480e+01,1.248861567267640282e+02,2.186657093021507876e+02,6.853089232123834051e+01,1.389851557143939544e+02,6.020492999947117596e+01,8.674242549096072707e+01,4.496955816197850453e+01,1.843826334401699114e+02,1.727597115056290136e+02,1.226238242082580001e+02,6.000264748010445004e+01,6.213895839332747073e+01,1.777704717337454099e+02,5.578060941447789389e+01,2.061971035182150160e+02,2.383716783852158017e+02,4.879312701255133788e+01,8.606793441962308577e+01,1.768399606894472527e+02,1.418754276714951459e+02,9.298614942991926569e+01,4.371808993446681058e+01,1.209902301454444569e+02,1.912822674339662683e+02,1.296317531881042271e+02,1.292137650582378967e+02,1.294577110175773669e+02,8.934119288655159608e+01,1.515888210782134422e+02,1.926834280239867212e+02,1.160029598617632018e+02,2.223973382688396612e+02,1.430060119000624752e+02,9.348413314754714065e+01,1.026644809040465418e+02,1.279327494759002377e+02,6.683334010744697196e+01,9.859250450732298532e+01,2.117448279218022833e+02,2.444507531090554266e+02,8.074758844602689578e+01,1.050965464621628485e+02,2.083766234413404561e+02,5.245768769705725276e+01,3.135170730638124326e+01,7.017041387275340014e+01,1.151145047024786408e+02,1.054190595680613143e+02,1.234115115594856888e+02,4.347504540365073922e+01,5.482518296620954601e+01,6.588743426335136633e+01,2.769163831212683746e+01,1.899810749412055486e+02,1.848347043856231835e+02,8.710504042457276341e+01,4.520391480218401625e+01,1.059368322066736141e+02,1.947729473141156689e+02,2.729446457294074335e+01,1.545585811953589541e+02,1.677484510945374439e+02,2.010980857688141441e+02,1.450500517809911116e+02,1.092813061352973847e+02,8.678759670413563754e+01,1.567917679978858985e+02,2.024903413522486062e+02,9.858725567177812366e+01,5.231746510943055739e+01,6.952501819135103744e+01,6.235792905336335679e+01,1.723966233916576130e+02,2.461494081576996393e+02,2.757476096534675136e+01,8.204933966643017129e+01,1.664470330272956744e+02,1.663580259050161487e+02,9.139213565099103675e+01,2.355226097021960641e+02,3.043980163715840348e+01,6.396167971306980604e+01,1.021769220155535010e+02,1.576154422841048017e+02,1.636739674390880168e+02,2.554176659401881722e+01,1.205847173201081262e+02,1.394616528131475377e+02,1.362811279607538850e+01,1.476761769093336909e+02,1.147592330611964542e+02,1.145906798671939839e+02,5.055619142992753012e+01,1.349395917661362887e+02,1.287422686346200464e+02,1.359597231936992898e+02,1.226626583327381610e+02,1.412536732516503832e+02,1.323895576277405155e+02,1.289683806120187910e+02,2.054205617881159753e+02,1.224782369385529961e+02,8.076773219746827692e+01,1.282694133039242388e+02,3.608612773527027429e+01,1.105515924367063008e+02,1.034876023563051461e+02,1.120094277606370810e+02,7.861911074115775477e+01,1.100118896012742198e+02,8.694380303958416789e+01,1.712912284683299049e+02,1.671868641761244305e+02,5.472520109548742795e+01,6.838660274566457531e+01,1.716247737046891757e+02,8.888351300569708258e+01,1.050412703822911453e+02,1.196049518505733715e+02,1.376406961594709060e+02,3.589474363145139080e+01,1.103026966723178361e+02,7.118471289309250949e+01,9.536907575992351838e+01,1.415816033798206206e+02,8.128702761848728642e+01,1.042205910225190593e+02,2.191531197633910892e+02,1.445307327969906623e+02,1.061387692675846637e+02,1.181173987152051552e+02,1.413795790075488981e+02,1.666723896992789093e+02,2.346154425580647285e+02,1.028542922747456458e+02,1.379095830058937224e+02,1.605700542227607173e+02,1.025913188767474509e+02,2.324802205750249300e+02,2.030721802873313209e+01,9.240161530077585894e+01,5.672863168865789874e+01,6.846661119457714051e+01,2.279243843148957183e+01,1.313546158966430255e+02,1.946678727562551785e+02,1.792497825800578823e+02,8.760138882832649188e+00,8.679889703607200602e+01,2.249660967117375776e+02,1.653293042384429157e+02,1.369017179703773479e+02,8.746539215946123136e+01,1.062345602232765742e+02,1.934558330538862947e+02,1.142375872568342601e+02,3.756441068312004461e+01,2.277418578354551926e+02,1.626044208540398586e+02,2.168156190533693817e+01,6.862547474886449095e+01,1.182432593320400969e+02,5.448447971205996510e+01,1.626405817159479170e+02,7.629434624287972611e+01,1.338063086946122553e+02,5.042182762529295559e+01,1.892528377977283185e+02,1.281216948143770082e+02,1.307431464072557219e+02,4.183668586533053713e+01,1.287505543553659493e+02,1.160894688079369796e+00,2.260595807894647464e+02,4.353826627576518860e+01,2.171401557999595866e+01,2.873257514775755794e+01,4.116800743799002049e+01,1.167538576168302740e+02,1.156563632345952612e+02,1.298627234904113834e+02,2.127575379133591014e+02,4.123933731886946674e+01,1.262396780473192166e+02,1.502217874251205671e+02,1.864064371181492561e+02,7.193387744783235860e+01,1.115068079119143363e+01,1.404310348304710203e+02,1.528959572881300346e+02,5.970792959407503275e+01,1.271303217063322535e+02,1.338199658081931886e+02,1.799988166068200712e+02,2.158813684274577440e+02,1.622888006309273692e+02,1.350033824809991643e+02,8.780504332382734844e+01,1.731585044037031480e+02,5.795820197007847696e+01,2.415335606596902949e+02,1.353396831449219917e+02,1.583215207512779159e+02,1.829700031010095813e+02,1.701654105646988739e+02,6.508510409962623555e+01,0.000000000000000000e+00,8.154245016069495477e+01,8.811827401770094070e+01,1.115947155954914365e+02
1.878252668149146984e+02,1.375946318926623633e+02,1.526041807164423858e+02,1.230144381100958384e+02,2.598649400817714081e+02,2.022438641261352643e+02,1.305196335788919839e+02,1.945831987132216625e+02,9.350718532319432086e+01,9.920941087104873191e+01,8.158503786942453928e+01,2.056064489999712634e+02,1.836902254596710407e+02,9.310993900118145916e+01,1.027288179023198325e+02,8.500170664316425473e+01,9.928876549733850254e+01,2.570697710062013925e+02,8.338688901729457825e+01,2.027312914790558693e+02,3.100814712401434008e+02,6.161112099492317640e+01,9.537862959452030509e+01,1.248003924894594121e+02,9.893310365293142183e+01,1.950423490599366119e+02,2.650897963510546447e+02,2.388345095684067303e+02,1.278252399873450429e+02,2.517956875983574321e+02,1.918203460550605257e+02,1.029963069155671747e+02,1.984412799484470895e+02,1.909425089338654971e+02,1.396717268705681647e+02,9.738556251634381056e+01,2.850186130100339597e+02,1.624693888094332124e+02,1.431523654073820921e+02,1.074364291625399517e+02,2.128210630185483581e+02,1.149557678557381166e+02,2.111268945324505921e+02,1.150110821751636934e+02,0.000000000000000000e+00,1.703132902016281491e+02,2.007236900406966527e+02,2.687934093815267715e+02,7.464856552395211509e+01,8.895332251681291780e+01,4.043271678292938986e+01,1.353796839201884268e+02,3.161992279066983542e+02,1.970711970087091913e+02,2.644673453467520972e+02,1.907663481501209617e+02,1.571482092805010211e+02,1.389283427593562976e+02,1.783683610498164853e+02,1.797828383611469292e+02,1.551142019182616423e+02,2.345165089012510862e+02,1.705683064902083856e+02,1.580052711947072055e+02,2.080089264043672159e+01,1.396740155171447668e+02,1.195087602345650879e+02,2.099233056731168290e+02,1.567050547335029478e+02,1.388825426054216052e+02,1.661754263709053987e+02,2.283896251906192560e+02,1.653110448756395385e+02,2.202149022009573969e+02,8.327884807891811647e+01,1.427223715929169146e+02,1.342765430485703746e+02,1.176114271542242875e+02,1.542001412445684423e+02,1.083586884292682839e+02,9.052303256853655000e+01,1.382324471821773670e+02,1.394193846104348893e+02,1.321867886597914890e+02,6.255712960857479032e+01,1.481858156613263873e+02,1.931740810612505754e+02,2.549424313489724341e+02,2.345250122010785105e+02,1.798517279520583827e+02,1.295286407960376778e+02,2.182733713063659309e+02,1.688573763535696912e+02,2.047437749857140830e+02,1.665184000531916695e+02,6.407291963641755217e+01,2.788133802468667000e+02,1.579905418577623948e+02,1.547174030505398150e+02,1.054453157011410269e+02,1.233436372108533590e+02,8.800283147864456623e+01,1.578790643330649743e+02,1.179933448971290204e+02,1.455249024820534203e+02,1.445724208295048925e+02,1.875478821927222270e+02,1.680869115955845814e+02,3.606541177257182085e+02,2.744459281020095318e+02,2.331548170498442687e+02,1.916761794854218408e+02,2.090435969401291061e+02,1.952467863297649444e+02,1.246522273305385369e+02,1.258741795561011259e+02,1.913862998883927276e+02,9.025119052224938798e+01,7.703749836817188168e+01,2.026738266982549987e+02,1.574738930488059907e+02,1.833254457020926793e+02,2.050985845021110947e+02,1.599944761092087617e+02,9.079779337747216061e+01,1.661518442078698570e+02,1.897387374283620716e+02,1.816501193374982108e+02,1.642987029996045010e+02,1.714465667053806328e+02,1.477311981757574415e+02,1.531789469981121101e+02,1.980902119430375592e+02,2.484141285258097014e+02,2.047100027014708701e+02,1.909670648170250331e+02,1.067137716178760058e+02,8.659938205400217726e+01,1.598069640885677245e+02,2.143556836652000470e+02,1.423214137359641995e+02,1.494494312229716684e+02,1.349074578726799700e+02,1.268429359977552764e+02,1.783171787038796197e+02,1.191828052065214649e+02,1.564224987481910034e+02,1.726491606687164904e+02,1.282394117937526232e+02,1.607338363307626707e+02,1.630998512418364328e+02,1.748219694852833470e+02,1.364199943401048358e+02,2.633267102639878203e+02,1.081456899773644977e+02,1.705118114560383447e+02,1.159115759020186260e+02,2.237349215902617345e+02,1.732370090440229262e+02,1.441669377260142824e+02,8.305102821026827087e+01,2.346069360528555308e+02,1.647982113866224836e+02,2.447133848708110122e+02,1.936998606673952850e+02,1.762542899753516679e+02,1.522083386321559146e+02,6.684542916644623745e+01,2.221550930720000849e+02,4.874512857512071662e+01,1.992215070036081670e+02,2.199469079558816702e+02,1.951647284838327607e+02,1.412769603984812079e+02,1.201321877193784786e+02,1.552292772207531186e+02,1.068111813087861321e+02,2.277575935471827222e+02,1.166557441689942181e+02,1.700409684088706399e+02,2.218505596942080729e+02,1.318649877472074365e+02,8.973204956007579369e+01,1.413739808759589778e+02,1.967151039623801125e+02,1.654115750741219131e+02,1.842776245500108132e+02,1.208301673477762535e+02,1.499004831480571909e+02,1.513792890632620356e+02,2.285511966295279365e+02,1.627474253085335931e+02,1.685373525816476388e+02,1.402817495796139440e+02,8.357155192842313340e+01,2.063383713972518763e+02,1.669711540047416349e+02,1.877190829656944118e+02,1.118125389122435109e+02,1.832879746438795792e+02,7.067310260268048694e+01,1.210712010673703958e+02,9.048624926430801452e+01,1.780913011831856068e+02,1.883977159451610248e+02,1.613726240687907705e+02,2.089082266836419421e+02,2.250311852088233877e+02,1.927718590493541342e+02,1.328545710888472229e+02,1.833800065319610155e+02,1.078526540611936753e+02,2.452453125558816396e+02,9.300809712797645545e+01,1.660590112303212038e+02,7.605811874785317173e+01,2.888986733410195598e+02,1.847380018171757285e+02,3.169961733151235421e+02,1.086569533011522708e+02,4.538228288265753463e+01,1.877179052752861708e+02,1.961717114572265928e+02,1.582537457215505867e+02,1.517943620028951273e+02,1.710722682837880200e+02,1.952443361974991376e+02,2.707015144917952512e+02,2.592972752847586548e+02,1.049267108471904208e+02,1.723925226365778087e+02,1.224066166812469163e+02,6.816665272864477743e+01,6.939296048719835142e+01,2.518190452026183266e+02,1.176733885916453914e+02,1.382129200984632860e+02,1.498301624422822158e+02,2.137555488706596520e+02,4.666246682194133655e+01,1.497094014023941781e+02,2.251857887898289903e+02,1.407639856290047646e+02,9.611636106092922205e+01,2.703336635537354482e+02,9.176752636340155789e+01,2.329226479566442549e+02,7.794261732664502063e+01,1.749052239423442927e+02,1.837576586860508883e+02
2.157710863906184500e+02,2.178588718917306721e+02,2.085742404804162220e+02,1.359419193059625002e+02,1.323982740278480605e+02,1.417152992491037935e+02,1.116298678290820448e+02,2.213703574732623167e+02,9.470077899474475203e+01,1.212822800684719198e+02,8.016217484079341205e+01,1.900495728421943227e+02,9.252837778650574307e+01,5.178288874397845021e+00,7.964193910323947989e+01,8.971459814632315499e+01,1.468421237573417102e+02,2.138978259579035637e+02,1.610360119271357462e+02,1.391342545633337124e+02,5.261132280559579044e+01,1.237782287965694223e+02,6.988929316651042711e+01,1.599751943741053424e+02,1.807410808503592250e+02,1.376110213698215432e+02,2.426515633940305747e+02,1.540512508995046232e+02,1.513973074541913491e+02,2.016316519005020780e+02,9.948616044456622376e+01,1.666278682201038635e+02,1.259224184216268725e+02,2.795400128352261504e+01,1.875488829829353676e+02,1.671900948981551949e+02,1.086758767864943849e+02,1.349627649780357501e+02,5.231705567526593370e+01,1.125963060274709164e+02,9.001256574412603584e+01,1.655418106888549801e+02,1.065330199149676247e+02,8.422009657394990256e+01,1.463157613667788155e+02,2.131949743374079844e+02,1.843140047536382724e+02,8.380582974648771710e+01,1.939981540767229546e+02,1.484650706238311386e+02,1.887964785745025722e+02,1.344434723436819183e+02,1.737241033494570388e+02,5.350867445954383328e+01,1.736623595568256064e+02,1.855470598557842550e+02,1.966710833146168227e+02,9.732165226727128982e+01,1.308864178858378011e+02,9.325102460744648170e+01,1.047930641221185368e+02,2.964128489200663807e+02,1.674577091668021751e+02,1.094183652694781586e+02,1.102302951605854844e+02,1.204039621678475669e+02,1.370842878115296060e+02,6.914329891194782363e+01,2.442287253145264572e+02,1.064571452086210712e+02,1.132644961023630117e+02,8.316765178875746756e+01,1.273500264936294997e+02,2.584846929848857258e+02,2.021039967863043785e+02,2.472311957640088167e+02,1.942449378252930501e+02,7.592519937673674235e+01,1.839868779629419748e+02,1.809513724237204713e+02,1.344128522222432309e+02,6.453560884501216321e+01,1.419076745834681788e+02,1.238217444708241288e+02,1.665619459918552252e+02,6.319265458597698881e+01,6.175690085004432461e+01,1.484941467858935766e+02,1.452851086603287172e+02,2.402115379764388479e+02,1.226185092477886514e+02,1.117021660781743009e+02,9.651194046664369353e+01,1.363810924003176126e+02,1.616218531057649841e+02,1.697232843188645575e+02,1.827217367468174984e+02,1.336144973135539828e+02,2.236913030950052246e+02,1.649080375517715424e+02,1.346704815460869895e+02,9.670475963456240720e+01,1.633895956842692101e+02,1.344110915472880095e+02,1.250498325773988313e+02,1.117487145613000195e+02,1.145568802912274720e+02,1.369937348477149612e+02,1.487782122234455926e+02,1.295308484249647734e+02,7.688573376933155146e+01,2.277561147826068577e+02,2.073414685368777839e+02,1.025276342548117015e+02,1.957027875383170112e+02,6.851697207218305152e+01,1.926127679630645844e+02,2.757905457315799254e+02,2.079896805200716869e+02,1.282499964527830798e+02,1.679187392830023100e+02,6.334875060924177603e+01,1.372397842230313074e+02,1.695962924324029188e+02,1.039822853305790460e+02,1.580036796566685382e+02,1.944260735829026601e+02,1.874080894081108113e+02,1.765365954648177649e+02,1.583148526068552542e+02,2.124769285776415586e+02,1.416957366234332767e+02,1.325123741510136028e+02,2.474746445537396369e+02,1.736267537528707976e+02,1.391999329417324418e+02,1.371734887040583430e+02,7.408004430158362652e+01,1.564890247428561452e+02,5.528293056626747415e+01,1.734815150268411230e+02,1.125702009470940368e+02,1.655864791378344307e+02,1.710943657101149711e+02,1.489415519509643104e+02,1.499801166757282260e+02,2.586713506918458734e+02,1.688304519685213450e+02,1.302013372172361869e+02,2.235336854213664139e+02,1.984974343321639481e+02,1.332891539152281837e+02,1.605864651367002409e+02,1.377115627188032079e+02,1.373402518546572253e+02,1.254671304707514281e+02,1.641857568728796082e+02,1.563167556964405946e+02,1.301398567049844246e+02,8.788971916240382143e+01,1.065840257264150495e+02,2.150847214385047934e+01,1.207007622019266364e+02,1.625442035465669335e+02,1.244097249582617764e+02,1.912061795634264172e+02,1.394077127652587365e+02,1.505445797283884986e+02,7.107934128875314173e+01,1.441428278311494182e+02,1.552462660987147558e+02,2.553497176814447016e+02,2.557657716219945883e+02,2.340430380454722865e+02,1.498536410245433501e+02,2.062163056291075236e+02,8.102361469978325204e+01,1.336436168310783614e+02,1.976291407667325757e+02,2.546051353437137550e+02,2.487777672651445471e+02,1.955233224397053107e+02,1.794653857446648431e+02,8.384951452626796709e+01,1.617783702664343650e+02,2.226578979817445827e+02,1.603357669919574278e+02,9.331274102541442517e+01,1.881799741532773851e+02,1.473546877054573372e+02,2.987949549129868387e+02,1.734455440929971815e+02,6.808492888795835540e+01,2.339447950292436360e+02,2.628926715557443572e+02,2.040049089192181384e+02,8.232974295811462184e+01,1.583598879662119714e+02,1.254144113366543252e+02,3.087057549974703718e+01,1.443104417695817290e+02,1.590130884803039351e+02,1.471249994125456055e+02,1.319528037689665894e+02,1.816080933468155081e+02,2.036023161423320289e+02,1.083710967631585902e+02,2.202795474881726818e+02,7.566685404745180676e+01,6.222005592442945954e+01,2.016445284871368528e+02,1.577587436005953236e+02,2.487897955148339335e+01,1.954685060763366380e+02,9.148116007768635427e+01,1.223837365123786185e+02,1.291613439138135107e+02,1.580380175413118877e+02,1.677139317439042827e+02,2.297575256040709348e+02,1.638885344030642273e+02,1.798916687916736237e+02,8.715144007239781843e+01,1.564380982664661417e+02,1.135301491538417906e+02,1.543717827448590185e+02,6.626174438357899987e+01,7.280197095536412633e+01,2.110160835839941171e+02,1.194593615073311241e+02,1.721553047354376531e+02,3.076955530429854235e+01,1.674036372479714601e+02,1.721080260970942106e+02,9.301821812677080459e+01,1.137839375255861256e+02,1.540793313488091485e+02,1.574836843746084014e+02,1.407523402410198514e+02,2.624925508557233798e+02,1.814888514707467095e+02,1.546976949576084053e+02,1.682775335419017892e+02,1.610913455083797317e+02,1.342468255358410261e+02,2.318296903543088661e+02,1.614873965278207777e+02,9.639782975883311167e+01,1.873880356755912828e+02,6.180680730027084735e+01
1.269187858628400676e+02,3.367454812499254757e+01,1.543641818793244624e+02,2.608757894385351150e+01,9.787937014489961030e+01,8.158435645049561913e+01,5.603332962194180311e+01,7.840394029005628340e+01,8.182973547751990395e+01,1.015766200064623774e+02,3.034272694888451127e+01,3.927659626444384600e+01,1.891327767977237073e+01,8.864541498402587649e+01,3.872135032852741432e+01,6.983730034523536290e+01,2.147217858769748773e+02,8.432851909160605430e+01,1.037593214079975468e+02,1.144592195757077349e+02,1.619893128236769257e+02,1.075192428431309537e+02,4.844891529968305122e+01,7.928823863539663819e+01,4.657291755800057054e+00,1.064150435559734689e+02,6.562411006482565767e+01,2.476189725335304956e+02,5.356569419536835852e+01,8.206202088518583082e+01,1.348185355082725323e+02,1.643433691868013398e+02,1.009090623436961920e+02,1.918011157395288819e+02,1.283069318945577209e+02,1.054668912251951127e+02,1.413520056232439686e+02,9.218485369572016452e+01,9.339446064099192313e+01,9.672574630639392979e+01,1.540483507353662063e+01,1.138472608406001143e+02,1.592497945184653076e+02,2.129572463711950547e+01,3.765874537907150454e+01,1.024143283810121261e+02,1.180019991531404884e+02,9.479261919794305413e+01,1.583943946762035182e+02,9.293797361608125129e+01,7.982783827902457574e+01,1.073949252440347664e+02,6.625341017763929585e+01,1.386481109449323981e+02,0.000000000000000000e+00,9.970831348535472216e+01,4.309252384168495098e+01,6.070969488673322445e+01,7.122445659698487930e+01,1.111427873311711920e+02,7.485403138478837093e+01,1.210332704963249029e+02,8.855479477828522761e+01,2.831160122081245589e+01,1.142238048768448664e+02,1.051825921790643577e+02,6.371405161818471186e+01,1.364051517525360282e+02,1.666008603532972927e+02,8.791431581929842309e+01,1.495347365653775284e+02,1.541161344629670396e+02,1.184915337054325164e+02,1.664180358593040054e+01,9.201906971711893846e+01,1.025369159471049301e+02,5.991244503659643073e+01,1.155090048186085454e+02,1.509293233688358384e+02,7.439641894127746014e+00,6.626070218337498829e+01,1.077773130772191621e+02,1.247357029998858593e+02,1.255897830312463270e+02,1.019708471942854402e+02,8.030522474860821092e+01,9.207207209339367182e+01,9.552104854059285799e+01,0.000000000000000000e+00,0.000000000000000000e+00,6.667703090739320260e+01,2.454013920929626735e+01,8.312953197538610084e+01,1.273019254877980266e+01,3.004497069337257997e+01,1.120702370241826600e+02,6.463687087863564784e+01,9.330230160352147095e+01,9.991782469115563003e+01,1.250598285281746485e+02,3.979403918141533580e+01,4.626040941729861800e+01,1.018577659467700585e+02,7.709643691653892006e+01,3.661541091871989551e+01,4.456865281428134296e+01,1.044449784171504234e+02,4.362599079254556500e+01,7.476998341144015114e+01,1.922958757270004924e+02,9.317057956718878131e+01,6.952629115949007144e+01,7.050176574907517590e+01,1.500442230937121053e+02,8.103133786043868270e+01,4.543598635636289629e+01,9.532331640854124544e+01,2.148080381714554576e+01,6.864769747710811032e+01,5.081476653595070303e+01,3.222489335042243397e+01,7.738481742510433037e+01,1.418120832779786440e+02,7.960989960564228340e+01,3.540960647599499023e+00,4.864407144983329800e+01,1.558683667158841217e+02,9.251355175276289344e+01,2.428686424828326196e+01,1.183582954875562052e+02,1.616410731565771925e+02,4.884965688594755306e+01,1.117767089532542997e+02,1.346898332771101003e+01,9.565637757907407490e+01,6.697839807428846370e+01,7.133883670234105523e+01,1.429492083882148279e+02,4.163532708749136191e+01,1.001161701479690578e+02,1.511069162424034573e+02,1.112595923254223891e+02,1.159482243975032105e+02,1.468959024899529311e+02,1.088160776470238886e+02,8.230207024080550582e+01,1.067939313485839961e+02,7.275833296818993290e+01,7.366296757064337442e+01,1.792160585228144143e+01,1.295143222411286956e+02,9.362083372770611334e+01,1.460631043609097048e+02,1.284257314588794543e+02,5.753166793422602865e+01,7.508706529567157872e+01,7.499403764087418267e+01,8.570728035629070973e+01,7.565206001319076279e+01,6.469794702843043410e+01,1.252717712965181249e+02,1.849334600134825166e+02,0.000000000000000000e+00,1.234700646255053016e+02,9.844058929489511911e+01,8.636160056668745710e+01,1.364419536121409351e+02,1.251239039037960197e+02,1.337258474183778958e+02,8.642954410596686898e+01,9.343941632421243071e+01,4.019614494094009416e+01,8.324690786052993019e+01,1.609680957828400665e+02,1.022565010982447120e+02,3.317261590212459588e+00,1.817958626798158548e+02,1.548856603854026162e+02,1.298140046645381460e+02,6.803133315092767930e+01,9.210801314591188316e+01,1.404164720532493220e+02,1.213640394675307306e+02,1.003121125249864747e+02,1.448491153816575583e+01,7.064665417908400968e+01,8.148535809429509413e+01,2.175366192910411769e+02,1.108504773119568370e+02,8.080100262565728997e+01,5.584565880203717114e+01,7.369559012924463559e+01,7.561078699489094390e+01,1.320756607020097420e+02,9.583221602382529625e+01,7.494940412424772092e+01,6.583009474954243956e+01,3.643312493046160938e+01,1.521167224953969139e+02,9.874087289977825321e+01,7.340065237396920850e+01,1.496427085982541598e+02,1.468668537438395560e+02,1.037641036090719204e+01,3.622201100016738451e+01,1.257773151750952678e+02,6.564969968901360176e+01,1.120452993675894504e+02,1.215452612848855551e+02,1.599392138719140064e+02,5.787885392470889911e+01,4.213704852512888976e+01,5.799607788023894273e+01,2.499604017026112146e+01,1.184773655612874848e+02,4.432325633923466768e+01,8.494169009078206045e+00,1.260617727542562676e+02,2.661772687086858014e+01,1.498603155992375093e+02,1.141938563631402559e+02,5.546829257929432799e+01,1.459897689000773937e+02,1.185162886179737995e+02,1.032211673765111328e+02,8.779551723700546972e+01,7.765824938410510470e+01,8.421312597149686496e+01,4.323560959854984276e+01,1.247325811574027625e+02,7.142958307402609819e+01,5.237975353269943568e+00,1.580951124745456582e+02,7.749558846403027701e+01,2.960567508667607584e+01,1.695974983479516993e+02,7.379485965336641584e+01,3.843812659307256041e+01,1.647627050327488973e+02,5.736664576376610114e+01,1.479270478799471960e+02,1.042649227874812397e+02,1.378263349278218186e+02,7.009627927800255520e+01,1.518088839364887122e+02,1.549622230787530555e+02,2.556294231101874104e+01,1.093222235941467915e+02,1.088706723198959594e+02,9.190404300247222125e+01
8.813597262225846407e+01,1.740526137280130570e+01,8.523440389026767150e+01,6.766091388347709312e+01,3.668598721441173183e+01,8.641003278372190266e+01,1.826082530475986232e+02,1.402012254088363363e+01,1.379599112583182716e+02,2.852160451642286532e+01,7.085813941929094995e+01,1.221898002721537182e+02,1.490402125810987286e+02,1.390715813118377469e+02,6.379167311734272516e+01,1.052789807432694431e+02,2.116767510042236111e+01,1.124214197436835008e+02,4.109835448273683767e+01,3.345701498219347059e+01,2.281331708779182321e+01,4.949377817040249283e+01,1.274641712328237375e+01,6.660084374457458978e+01,8.244713437363968467e+01,4.820111629811341913e+01,1.948553957798700367e+02,4.492570549582014650e+01,1.942352818528429168e+02,0.000000000000000000e+00,5.952165786646411050e+01,1.130620894788218038e+02,3.620704338374267905e+01,9.278047158461902200e+01,8.286747487572750970e+01,8.714839962850010124e+01,1.405529234386095538e+02,6.626173821677748776e+01,3.271948490030231937e+01,2.063467798951595285e+02,1.263654187718060911e+02,4.640126415465645238e+01,1.095447353033499382e+02,5.322387194673879662e+01,2.686201878160886736e+01,5.739829563038868487e-01,8.076139217592167086e+01,7.991064807678347393e+01,8.957706737093765526e+01,7.151319493167774510e+01,2.827353166733949408e+01,9.975775902269569428e+01,9.774629617190120712e+01,1.693411123571124222e+02,5.986674953625561102e+01,8.006299562598694308e+01,1.194981151294301469e+02,6.106151031963312548e+00,3.267846093094780713e+01,1.160976529849064462e+02,6.906463755602823085e+01,1.724827129558210004e+02,6.696528429219081602e+01,4.191076209975080502e+01,7.641934884648904358e+01,1.046093339557571369e+02,1.180339248807044470e+02,9.470435429323045184e+01,0.000000000000000000e+00,1.058402813517526511e+02,9.991975763378312081e+01,6.358322899015691831e+01,8.348988703106989817e+01,2.537781785601597662e+01,8.602330503728347821e+01,1.120589073682010763e+02,8.311382350332391411e+01,7.860826749573074324e+01,6.258876866019921437e+01,8.905176605057948791e+01,9.523036699172850206e+01,1.052813147885549085e+02,3.005312267686847960e+01,8.550068717077091662e+01,2.619035922390857607e+01,5.743187180824734384e+01,8.400141364477453010e+01,1.373939605874085430e+02,8.710075800109331112e+01,4.615061061839007550e+01,0.000000000000000000e+00,1.302141653315465248e+02,8.737658259592373611e+01,5.770309394092264199e+01,1.224281140058735815e+02,3.248947805612914408e+01,1.315730591771590525e+02,1.363261713204892942e+02,7.325662218760922428e+01,4.599031411616483922e+01,8.024163961581204774e+01,1.095888899150697426e+02,9.955158383444604908e+01,7.350419520991839306e+01,1.337844086624304225e+02,6.534972401397988051e+01,4.617653073873351843e+01,1.618477176097523511e+02,6.986802917631797527e+01,1.099214994709026172e+02,0.000000000000000000e+00,1.248190746966547522e+02,8.636812721567258677e+01,1.338405477154299490e+02,0.000000000000000000e+00,6.305183722284880332e+01,1.319369664049699509e+02,3.037151654753458985e+01,1.393662228669974184e+02,3.211762654238281556e+01,1.517751991466515165e+02,8.158647427236614647e+01,3.956475950440125899e+01,8.456497638865097599e+01,9.668489727566870329e+01,8.593637453623583156e+01,1.369875827678382620e+02,1.224251553185225276e+02,1.443662061817609832e+01,5.418218385887438160e+01,1.001323443669318465e+02,1.186195365006418712e+02,2.208943008654901519e+02,1.648551252553595532e+02,1.821306097531325463e+02,1.301709852293774645e+02,3.692304037823459595e+01,5.882861980132356194e+01,2.604030771433838254e+01,7.421526069845501894e+00,1.045822965489161049e+02,3.300584559318839695e+01,1.032975411519457509e+02,9.397551716884326822e+01,8.407213364855768134e+01,1.404885667295570961e+01,3.743106123832418319e+01,9.476022685053017369e+01,1.082264548518551237e+02,0.000000000000000000e+00,4.034449543228912205e+01,8.630128018850753335e+01,1.643655374766571811e+02,1.254127695172601733e+02,1.734973190808037913e+01,9.768523949011954244e+01,1.667084634581887599e+02,7.174196620115827727e+01,6.264244451505918221e+01,5.016855591185979790e+01,1.858680695662442872e+01,1.385730672066431453e+02,1.051544068843153212e+02,2.325328952656008852e+01,1.713084941400473582e+01,9.985833968762661073e+01,1.726120636402141884e+02,5.392526414977303517e+01,1.355052438377941826e+02,1.067558873794943111e+02,1.008279981481614840e+02,1.163680759311609236e+01,1.511583563147246707e+02,0.000000000000000000e+00,8.291889354250464805e+01,1.385409810511352475e+02,1.261622932265149046e+02,3.643466357610835615e+01,1.031429122810092736e+01,5.990155563957959828e+01,6.439599901101094304e+01,1.038889168691157181e+02,5.306791214050385896e+00,5.933127897616454050e+01,1.128716667797241513e+02,1.028802067427463953e+02,1.867315908198392549e+02,6.005008380409731927e+01,4.977065180966545199e+01,3.014961526674244041e+01,2.004565299189506788e+01,6.913219785247689231e+01,1.384589731430058990e+01,1.604534645812255178e+02,2.578766574840605585e+01,8.092267574705735456e+01,2.368475913264502992e+02,8.234466323708943492e+01,7.573460240531115062e+01,1.524892882783115944e+01,7.025462647924237558e+01,1.204860452001158961e+02,9.308034236913320569e+01,8.035670400372036681e+01,5.781280898281446312e+00,9.283537625022093209e+01,8.284924720210430849e+01,9.796672160680964225e+01,6.340784318917143025e+01,5.986566024549085796e+01,1.327486400872033698e+02,4.995033180619019575e+00,9.191337422358532194e+01,1.155292050632576064e+02,5.760248757344862192e+00,2.906255994633718132e+01,4.706482378193120297e+01,6.861510564303188175e+01,1.061330403988340976e+02,1.767672256275919906e+01,1.001447776927355591e+02,1.604870131964094639e+02,1.611876408349760084e+02,7.572084842231339508e+01,6.868758341826446667e+01,1.319361231313093974e+01,1.846533017724495096e+02,1.704962591729903920e+02,1.825769495726463276e+01,5.772646895464098549e+01,4.981720223547182513e+01,9.223674775114737656e+01,4.075961726989598333e+01,1.030123335440038659e+02,8.718547609824405242e+00,2.858821174619917471e+01,5.795658791868763871e+01,5.164161830139811116e+01,4.580357584272621807e+01,2.128868746727793138e+01,7.074598048098607705e+01,1.033612265686373775e+02,3.018467453989022431e+01,3.862137087997107976e+00,2.120265361991599207e+01,1.363687407119010686e+02,2.640945668020729897e+01,2.166434347313004238e+01,1.816065746898338773e+02,9.450739213969741570e+01
3.324578227130064079e+01,2.427755781614127883e+01,1.907792339167602336e+02,2.325793811225334551e+01,2.218406515562751622e+02,8.698444678030486443e+01,1.005905806066081425e+02,1.286128883420173850e+02,1.417740159525935155e+02,9.606730015336322026e+01,1.545983006162043338e+01,1.559452183867854025e+01,9.067729656017274920e+01,9.020821491309804685e+01,5.046409252623175234e+01,1.623261982257745615e+02,1.165405789082311827e+02,1.046514927214747530e+02,1.793869821778016274e+02,1.405273605095981893e+01,7.261296412341796724e+01,4.671484712615536239e+01,1.602430511413692784e+02,8.556109057241313565e+01,6.524003017056536180e+00,9.279204561544369767e+01,4.309243466629431651e+01,1.055733817904068701e+02,1.620499556160353904e+02,1.991039180765803280e+02,1.619570915644515310e+02,7.598744425701380578e+01,1.214669070741115888e+02,1.146158604618056813e+02,1.100680647149490596e+02,1.080336839802475026e+02,2.853737715184258050e+01,7.015181939688912394e+01,2.248725490853717304e+02,4.514473295178679990e+01,7.591805704800030696e+00,6.627372310745681716e+01,1.986361680398717340e+02,1.117058326894662770e+02,8.013358121357032360e+01,7.651011345252692308e+01,1.236264242023418802e+02,1.279754430901474507e+02,1.427399186028094107e+02,9.107176278629268040e+01,8.262989846874521049e+01,5.074168029469620222e+01,1.535320429242096907e+02,1.426707397058013953e+02,1.251090929193868959e+02,9.151854786661627372e+01,1.384196475222032774e+01,1.729928607381703500e+02,8.824820928657953090e+00,9.913335576346069900e+01,1.000357604240489735e+02,3.036242709221892966e+01,6.763140371575239840e+01,5.352243533595972735e+01,3.187706893883923698e+00,4.871298224619276596e+01,5.302641237966900434e+01,0.000000000000000000e+00,8.823130123592144969e+01,1.448426374059566228e+02,1.234859284724995376e+02,7.034190467104401989e+01,1.689049847688890793e+02,2.439823932298908176e+02,1.455418917541305177e+02,7.709174490596204521e+01,5.189861063488510240e+01,6.503935785188592433e+01,1.061813435063464510e+02,7.438897158135266352e+01,8.535635075739986632e+01,1.384198077816492685e+02,5.053748494413964920e+01,1.088928433861023848e+02,1.280997670160615485e+02,8.782700310439727787e+01,2.093461156157013647e+02,4.704485777665693291e+01,1.415526943150441355e+02,2.042806220229430636e+01,2.754852484986116234e+00,1.535421342119165047e+02,1.715916440967659895e+01,1.292798161625600812e+02,7.311837856226853205e+01,4.108921045182874110e+01,8.090814635488688111e+01,7.917301174530959429e+01,1.222809222909035327e+02,6.845804595717216046e+01,4.794812314812931220e+01,1.817088694013479255e+02,1.151134229940372364e+02,1.325933609832777620e+02,5.687706866825334373e+01,1.116197473751590508e+02,5.540114037989712870e+01,1.051050520804091519e+02,9.268143290578605331e+01,5.560236031102032683e+01,1.236640001366314152e+02,7.752323347055394720e+01,1.533655902703082177e+02,2.084677036872155398e+01,3.411367944990938383e+01,1.728975614226222319e+02,9.273298856793138256e+00,2.342996817678117054e+02,6.102060703959629961e+01,6.313230641566400436e+01,8.019543906238763498e+01,1.682434436179126749e+02,1.757617045669118738e+02,6.199854822000170174e+01,4.865787949263805245e+01,1.144137295109083965e+02,2.029731088789980831e+01,3.435129011877009475e+01,9.218194673128193983e+01,1.272303011432051534e+02,6.463938467478442362e+01,6.048318083835193448e+01,4.720648865235226310e+01,6.503022113433786444e+00,1.072605869572346506e+02,7.837231191085224680e+01,2.541752365071413777e+01,0.000000000000000000e+00,4.704216283388232966e+01,1.363174778601500918e+02,1.184777788103455549e+02,9.661304202900508642e+01,9.736008302922827795e+01,4.675089569973616221e+01,1.272404108790348687e+02,1.119758091213803368e+02,9.327062198539366022e+01,7.093720962823763898e+01,6.147592191700894659e+01,1.382908055506971436e+02,7.353940126225020890e+01,6.603516604667890988e+01,1.345347390422853096e+01,1.307727926486653018e+02,1.342018222138967332e+01,4.370976146643610605e+01,5.837291736788614571e+01,1.654221462689795885e+02,1.003886757924552455e+02,9.386494977441712706e+01,5.817714805373846332e+01,7.499727757690627072e+01,1.112180034184419810e+02,1.104937480596732513e+02,5.819158690429726022e+01,9.311781634238919025e+01,4.974258793828128944e+01,1.239211139410043643e+02,1.795893728301309977e+02,3.968219674373109740e+01,5.228174084652072651e+01,1.027117604919577687e+01,2.803060703881129001e+01,1.279227764138748427e+02,8.963871073478416918e+01,4.539966981874191987e+01,7.966018449392743150e+01,1.386933573478058008e+02,1.192644478814126785e+02,1.368723594295738337e+02,1.080514477152932642e+02,1.335842285599594561e+02,7.535643484421932214e+01,1.086815101101512511e+02,2.168903952939953683e+02,2.588807156548913468e+01,1.214202764811636115e+02,1.289263572899254200e+02,2.555580970068970359e+01,3.501448325872735978e+01,2.010724969200023438e+01,7.705568587989107243e+01,7.122554365960895950e+01,6.414950374606546291e+01,1.245213227684488402e+02,3.269464594368215415e+01,7.549390187770610794e+01,1.066696934297282553e+02,7.046836869760841182e+01,6.777361927483013915e+00,9.660401102497107217e+01,5.217310120856506472e+01,1.816361176408157121e+02,9.374815463751521349e+01,1.567035349270780671e+02,8.187997647394182366e+01,1.597647385808252523e+02,3.258968090134092677e+01,8.937698525322552712e+01,1.136744363648127489e+02,1.780353988553856652e+02,5.673820918238207867e+01,4.269774912294796820e+01,1.050802385597786781e+02,1.207235938236185007e+02,1.025047643581468719e+02,2.824762386482689180e+01,2.964310501547078758e+01,5.611411754302299926e+01,1.669929419039042671e+02,7.007460853875996065e+01,4.921239064636561977e+01,1.307790489290319726e+02,1.370970110944616067e+02,1.024873050103496155e+02,1.181147934678081697e+02,0.000000000000000000e+00,0.000000000000000000e+00,9.369312469515759290e+01,8.708502069247843735e+01,6.690544757626582850e+01,1.238167558368490262e+01,5.786600613542826466e+01,9.041669593764636659e+01,1.813776823804502314e+01,9.664895275565665145e+01,1.307448805424632781e+02,8.487807018778818247e+01,1.094367113535030285e+02,6.874155014918747497e+01,8.587956032739337786e+01,4.403346720985595653e+01,3.285079544968489529e+01,1.717149392494336553e+02,1.409355935990285502e+02,3.216505649405384304e+01,6.707442182936601682e+01,1.177472019164196837e+02,5.830995462169452992e+01,2.016411789026078338e+01
1.874767537795072769e+02,1.704326269926348800e+02,2.095735282315345955e+02,1.836217799723174267e+02,1.535081475634746653e+02,1.889710619799486153e+02,2.080189073243048199e+02,1.501327578756840637e+02,2.026089398334503358e+02,2.100523325271481667e+02,1.932358327207647335e+02,2.409917551439714885e+02,2.175789102533444748e+02,2.412299459224682039e+02,2.105089851846519764e+02,2.082555313748989079e+02,1.844128246652252301e+02,2.207273042791950957e+02,2.200493172867913358e+02,2.242051992722065279e+02,2.012775906300490476e+02,1.752855700321829318e+02,2.022717048070398107e+02,2.163638822568640592e+02,2.210999801220374934e+02,2.367346907734291790e+02,1.497648959945834406e+02,2.123524027252239534e+02,1.595084066413303958e+02,1.657591451136841840e+02,2.294562751487383139e+02,1.934031186361539199e+02,1.779115677379390661e+02,2.116970664760391401e+02,1.568971323461292968e+02,2.030732953162276999e+02,1.960493176585672757e+02,2.148678733219068704e+02,2.115278125258636805e+02,1.755502602438968438e+02,2.029684804109223819e+02,2.086631388845106585e+02,1.834229106110580290e+02,1.839301640879822344e+02,1.916376557178519988e+02,1.848780797492844385e+02,1.753588694963454770e+02,2.021180376120793198e+02,1.891009046548404910e+02,2.322694222061354026e+02,2.123801741461188897e+02,1.982937209704337533e+02,2.093676474803988015e+02,2.224295782694987906e+02,2.733780291613257987e+02,2.005595956049076847e+02,1.664236864381979899e+02,2.103405495418545854e+02,2.117461042201404098e+02,2.173200514534779870e+02,2.127515886050221923e+02,1.906948678798070773e+02,1.863901565850389375e+02,2.006869279895425393e+02,1.750062178672928042e+02,1.810305031393367017e+02,1.874869065807604329e+02,1.682436282971597734e+02,1.863669693053830656e+02,1.583435760973259505e+02,1.414918430234733080e+02,1.918885656084251252e+02,2.206547858081041511e+02,1.764262593615625576e+02,2.351213181983540039e+02,1.401613061876920483e+02,2.296139763746995470e+02,1.986485460627284851e+02,1.684354164129664184e+02,2.201019766559727771e+02,2.130818442800643879e+02,2.043693139183341998e+02,1.959738284234657328e+02,1.984719198059999030e+02,2.385416110385993136e+02,1.984845151270877750e+02,2.108557872217423892e+02,2.831361912922789656e+02,2.391100168366584739e+02,1.891336282480633599e+02,2.362286243094862357e+02,2.395626033967967601e+02,2.233038408338134957e+02,1.795507691210604548e+02,1.646388082524596257e+02,2.258419445818360600e+02,1.767694564701606623e+02,1.925735981237492069e+02,1.783404118105403882e+02,1.747330493540198120e+02,2.211714143114644742e+02,1.915742061184787701e+02,2.100520023114529806e+02,2.295095060164040319e+02,1.790846146520866284e+02,1.949585281906777539e+02,2.170480962237197389e+02,2.174294226171491573e+02,1.765972356180293730e+02,1.795611972970199872e+02,2.039713413966969426e+02,2.133184244547393291e+02,2.086344910029675646e+02,1.871707054553634180e+02,2.544316211349478465e+02,1.956027519442015148e+02,1.484121851924055591e+02,1.753028911480617467e+02,2.072757962077768354e+02,1.741670375772088732e+02,1.972905871785351053e+02,1.756244639364339548e+02,2.260282913989356928e+02,1.928947937875727519e+02,1.870030468786880533e+02,1.871488958285176238e+02,2.297916037505978295e+02,2.079384373249593239e+02,2.226131326258534671e+02,2.082739336717472725e+02,1.868450784791889134e+02,1.971815733263898949e+02,1.699947336424398259e+02,1.817912275369144766e+02,2.084425280229927750e+02,1.817854819041909309e+02,2.277218252327917583e+02,3.083926962655843909e+02,1.969091324533264640e+02,1.958282984577634807e+02,2.106725299418343695e+02,1.823144232856976714e+02,1.647308472811511422e+02,1.893922955482736086e+02,2.182173865048039545e+02,1.741726504186757154e+02,1.846601544699721273e+02,2.176371179704561314e+02,2.035870537816648778e+02,2.070709380103157855e+02,1.842221889809931383e+02,1.870552916868418833e+02,1.928479945486330109e+02,1.809567700119059452e+02,1.814174773195999251e+02,1.923744837365567832e+02,1.513371186892639173e+02,1.962658115419209253e+02,1.527582595017937308e+02,2.022873107663640724e+02,1.970645764209178310e+02,1.834476143448354719e+02,1.961396231052239045e+02,1.618102976083899591e+02,2.147472189633771222e+02,1.738691686516866071e+02,1.782213599350986613e+02,1.783933420152099814e+02,1.863629717897615876e+02,2.340052461891845610e+02,2.495278949937562345e+02,1.993020879666118503e+02,1.547035733917630296e+02,1.895599107092388351e+02,2.013423516360874430e+02,1.712605443482907503e+02,1.860774894343465462e+02,2.297779115601507556e+02,2.647029287283166923e+02,1.663621495298018544e+02,1.728049688356356910e+02,1.693507830458754597e+02,2.134502520524400495e+02,1.835479466970764690e+02,1.797836514961732064e+02,1.994917207448427234e+02,1.718842234182341144e+02,2.098337305181026125e+02,1.628408286368707820e+02,1.375204418513246765e+02,1.616610480662436089e+02,1.759593079032924834e+02,2.659380132570464639e+02,1.709470467765794126e+02,1.975352593930136038e+02,2.098129799219582026e+02,1.762403686678255497e+02,2.134193113892920337e+02,1.981638919294744028e+02,2.098040332788474416e+02,2.130120612132736539e+02,1.657818367748923265e+02,2.265131762046212884e+02,1.909505812990496452e+02,2.101613888557326391e+02,2.072096898582410631e+02,1.661307788244050982e+02,1.999399104925933273e+02,1.971261333858912224e+02,2.180675862971811512e+02,2.031619653992746919e+02,2.166839996635430907e+02,2.143653311419982401e+02,1.801041078614733806e+02,1.926445763794912125e+02,2.133821973710601014e+02,2.104593824307672207e+02,1.612570308015725118e+02,1.895790862979209805e+02,1.951978666744055317e+02,1.789177215539105248e+02,1.989426656383057548e+02,2.010470331420034427e+02,1.912321721965930408e+02,2.006067300744423108e+02,2.262541119535600558e+02,1.978225092068223319e+02,2.059965819356900170e+02,1.840274895951440897e+02,1.940668519226490503e+02,1.946878037833909048e+02,2.002341480155285751e+02,1.861719884849064499e+02,1.857074549485573414e+02,1.915418208583966191e+02,1.803364519602291125e+02,2.319918092556618774e+02,2.143698249023063909e+02,1.622530336780593530e+02,2.132189410485678707e+02,1.856810029137256208e+02,2.190724506705615795e+02,1.852440122012159804e+02,2.272725813809805970e+02,2.368432294023588440e+02,2.289237263840634853e+02,2.000195363361636964e+02,1.897778661993747562e+02,1.522059761241040690e+02,2.019945428978991799e+02
1.804612419480999677e+02,2.110726075003693722e+02,1.622456952282357747e+02,1.976536684095093790e+02,2.473427746544736294e+02,1.934571106281827042e+02,1.864003406121434807e+02,1.709467447894573979e+02,2.232384146185507348e+02,2.183537895390294636e+02,2.000570773769324262e+02,1.727397314871604408e+02,2.019964483548579608e+02,1.994413483912940137e+02,2.113561581910348650e+02,1.977014070149006386e+02,1.935500752067248413e+02,1.491134847595660915e+02,1.571268191599071429e+02,2.148617578278538645e+02,2.257737922479058739e+02,1.795633386119227453e+02,2.022445587686555655e+02,2.226871135354748787e+02,2.439939496778765147e+02,2.184145350513102812e+02,1.779910887766757241e+02,1.931465944256240448e+02,1.726045728840146580e+02,2.112174837168216186e+02,2.018451961026763399e+02,2.477954370313246955e+02,1.880436098947654386e+02,1.927166945709847994e+02,1.921559729521369775e+02,1.451811243701633600e+02,2.167504714725176314e+02,2.004898162329977822e+02,2.360574297673718718e+02,2.156947730469621263e+02,2.097661518394695008e+02,1.781141783028650707e+02,1.972340141861214704e+02,1.829716746558502223e+02,1.989184423421480972e+02,2.068266800444650642e+02,1.587613653110747123e+02,1.863236201423354998e+02,1.910082654917125069e+02,2.415061302482000940e+02,1.967372862564826903e+02,2.131332228511512596e+02,1.738771869160216852e+02,1.960713678983744330e+02,1.849980690300970423e+02,1.876846008696383308e+02,2.117237188108532848e+02,1.997966391817775218e+02,1.812848032268314000e+02,1.856555044070368865e+02,2.211514200879028067e+02,1.851565375488687266e+02,1.987196292252157264e+02,1.889614175654484995e+02,2.334558497760719433e+02,1.994972232462288559e+02,2.220779075566090910e+02,2.099932749614569047e+02,2.131564677685899767e+02,2.245488826297626872e+02,2.045473408411480989e+02,2.021499937447793513e+02,1.858373253696699408e+02,1.247923560463662085e+02,2.022413633410226339e+02,2.012843110477793687e+02,2.220448841606403221e+02,2.044435125355760761e+02,2.729694071755013738e+02,2.028525876538151920e+02,1.952779353270319120e+02,1.966161387808224106e+02,1.556707566208922628e+02,2.233566862963839696e+02,1.508351074656656294e+02,1.805351173279896670e+02,1.681577887021371680e+02,1.826133710515222504e+02,1.824605184703533780e+02,2.286141859280675135e+02,2.182865468489470118e+02,1.653292310356632129e+02,2.089503742150995436e+02,2.038908321151799328e+02,2.087995902124393695e+02,2.049055310461390036e+02,1.815607588722791945e+02,2.053427439423967655e+02,1.844643033754364865e+02,2.007175625424924021e+02,2.213061851860152842e+02,2.065661818320365626e+02,1.847745606251860693e+02,1.714688387494118160e+02,1.945307475323387791e+02,2.155500649119367722e+02,2.076178689974559575e+02,1.946476814617866751e+02,2.178866792734243916e+02,1.796951924213588256e+02,1.619037214447183430e+02,1.791349914159249579e+02,1.691743383585209983e+02,1.921296726760667468e+02,1.996266209555148805e+02,1.965990052340624175e+02,1.861368906244705670e+02,2.033411742109312286e+02,1.878063347234407843e+02,1.817861081810077621e+02,2.358807965474455841e+02,1.805703081837243076e+02,1.819938213702688188e+02,1.759245606076813715e+02,2.028262823185809509e+02,2.389263285665789454e+02,2.094155574840042959e+02,1.881843043214227578e+02,2.362205634441006907e+02,1.722743127387659854e+02,2.084759042712256871e+02,1.782215305011781936e+02,1.895112228882390752e+02,1.823874151394697378e+02,2.010494967794208776e+02,1.978518070608250810e+02,1.836815792797509630e+02,2.220038441742389921e+02,2.352434810572554227e+02,1.510775527371458509e+02,1.877641613941891592e+02,2.094849449833707240e+02,1.858503895447051377e+02,1.952195765641675678e+02,1.754122222437781033e+02,2.097436368002531708e+02,1.995628760014272132e+02,1.980850542077520515e+02,2.002411738407969324e+02,1.917515205659014441e+02,2.219097563316072979e+02,1.864954946473322366e+02,1.668133262369403838e+02,1.476794722517037428e+02,1.937548333985201054e+02,2.034831091834100789e+02,1.785827059761236058e+02,1.713275894116370921e+02,2.357039487182291566e+02,1.773322432338905230e+02,1.890449920398690438e+02,1.763919097357413364e+02,1.657266866281273963e+02,1.706247529849003115e+02,1.749399565426322738e+02,1.881327370817599842e+02,1.569077990302444334e+02,1.792402103808505558e+02,2.140132147063972639e+02,1.986176063049883282e+02,1.804718023490271435e+02,2.247188125964202925e+02,1.961038792605644687e+02,1.877602133337205998e+02,1.702452772560574488e+02,2.049174046018158322e+02,1.878851243927531129e+02,1.966291450953993944e+02,1.987160730605218362e+02,2.044034820852156713e+02,1.533198405588136382e+02,1.666183869568815226e+02,1.555516073905154428e+02,1.746935243976435288e+02,1.854873626532822186e+02,2.149658900036451996e+02,1.608487310927353349e+02,2.223386167659317039e+02,2.010036355934093422e+02,1.727662968698254531e+02,1.954722712785000454e+02,2.084013038211752189e+02,1.990135964245088758e+02,1.776011842062076482e+02,2.101691453505635536e+02,2.037334831880068009e+02,1.716012486859833643e+02,1.902301105794217904e+02,1.867425121625729219e+02,2.233003539540958968e+02,1.939256322181309429e+02,1.960325905402216051e+02,1.769531022013581492e+02,2.085446590951385417e+02,1.863090856597267475e+02,1.817682018480205102e+02,2.103446285427461930e+02,1.867450634377121617e+02,2.114369452133792322e+02,1.979419400135031140e+02,1.770128117250458502e+02,2.087852330487338293e+02,1.936758899701095800e+02,2.075483148027813058e+02,2.196187043396884064e+02,1.866959161560962741e+02,1.758080956043167191e+02,1.651189188604242588e+02,1.753643480541130089e+02,2.022743154265803298e+02,2.167317745682877046e+02,2.013323727304199338e+02,1.837480954835511682e+02,2.220607150414073203e+02,1.860560131213895829e+02,1.936487293557951261e+02,1.927293531341995561e+02,1.817086967314294839e+02,2.071629821797417890e+02,1.972091699535940279e+02,1.727707140455288481e+02,1.985515764388166247e+02,1.932612282046546568e+02,1.891160644030575213e+02,1.963588379411197025e+02,2.002209431292015722e+02,1.719835417656949517e+02,1.868478689178366210e+02,1.858333182026323414e+02,1.845394466265126141e+02,2.038360528256971236e+02,1.916208490252135164e+02,2.228206359627290283e+02,1.777005089599978191e+02,1.804913880248177236e+02,2.210326952068072046e+02,2.024396016389260353e+02,1.891650425621599254e+02,1.973726353850854878e+02,2.234679890060345144e+02
1.463851839088220288e+02,1.742456622462909479e+02,1.624061334736153981e+02,1.802335607193307396e+02,1.485233594858620449e+02,1.764301393617470524e+02,1.897502867423961277e+02,1.599832512614654263e+02,1.633228681259189159e+02,1.434136690246227772e+02,1.801737134514947911e+02,1.792647836440048934e+02,1.960566656457527870e+02,1.835345944011141626e+02,2.006890435797103862e+02,1.868130428039497701e+02,2.010195717127923558e+02,1.986027491645089071e+02,1.621605812799965634e+02,2.072825536946708951e+02,1.791388298252090294e+02,1.964360509702356126e+02,1.889835061060412329e+02,1.629396305675488748e+02,1.822376877040277634e+02,2.048521795070156202e+02,1.308022936151663487e+02,1.829657417564593800e+02,1.760442122171864128e+02,1.671862550697902350e+02,2.072900516702148650e+02,2.175716359034780965e+02,1.742429939604399465e+02,1.862196049818199697e+02,1.591684815796558325e+02,2.133630842306780835e+02,1.849521195286597504e+02,1.889646253043449065e+02,1.840823012127962386e+02,1.691055326752314443e+02,1.779107101091606467e+02,1.890103011804973505e+02,1.966255331434527989e+02,1.963937639665757615e+02,1.713247161642490823e+02,1.891986355875743300e+02,1.705524859098452737e+02,2.057699044423276007e+02,1.866380216389283078e+02,1.946325031503608045e+02,1.961684412974200882e+02,1.653079716637358274e+02,1.857819912548329171e+02,1.916388623416613370e+02,1.904418945251474042e+02,1.718170918853208775e+02,1.726639466200990967e+02,1.612050856484648023e+02,1.734865973037167919e+02,1.944983551516579041e+02,1.658193773555623238e+02,1.700453032844688721e+02,1.739728239445784084e+02,1.784224842571636884e+02,1.847916281679906945e+02,1.685372399981744991e+02,1.917081855167157585e+02,1.660524009675871184e+02,1.637226917320720077e+02,1.508918817682422855e+02,1.796042498620578840e+02,1.669279075339271117e+02,1.748469171707639873e+02,1.649069362270821841e+02,1.784367190262661325e+02,1.763533028337351425e+02,1.889169819489525821e+02,1.668568618922486451e+02,1.669217864070323856e+02,1.745282565882565393e+02,1.676745281594417634e+02,2.013545948788912767e+02,1.835077471215026890e+02,1.847496301132300971e+02,1.891098883648432150e+02,1.500926566082937939e+02,1.817218490222789740e+02,1.921259249813152792e+02,1.905928745087194329e+02,1.838914633025908358e+02,1.973057487213055481e+02,1.783115092531557195e+02,1.835673367103562157e+02,1.916553060890580298e+02,1.551226316889833470e+02,1.783625892088863907e+02,1.803006582190620293e+02,1.879599972651331825e+02,1.760221268358933742e+02,1.534864785527823585e+02,1.719628771935159079e+02,1.645551446795346919e+02,1.675962143040073613e+02,1.338853452020361772e+02,1.759158012654614538e+02,1.424239263973053937e+02,1.719196254819834166e+02,1.686507114820034303e+02,1.711613795643293088e+02,1.516917276335155691e+02,1.759425460926590006e+02,1.513467132917207039e+02,1.782431052104000173e+02,1.902712127803519309e+02,1.532392296657527311e+02,1.771968439586617308e+02,1.665194470884652560e+02,1.692782148438186027e+02,1.591394283004283068e+02,1.735722990405672022e+02,1.974968057449947310e+02,1.369591187154580894e+02,1.569151176756021755e+02,1.847845764278017100e+02,1.713887636039067104e+02,1.592041395578749245e+02,1.858114412928593708e+02,1.762356766846494622e+02,2.020300064014769532e+02,1.839937061487072185e+02,1.644561864675163747e+02,1.850217836530066791e+02,1.563895145860155651e+02,1.835633854407698777e+02,2.188301463354038958e+02,1.663693889303891069e+02,1.876095193640628906e+02,2.042578971765842653e+02,2.112572199295704252e+02,1.698826519547802150e+02,1.665519383586941444e+02,1.751816489087093203e+02,1.582103260896014660e+02,1.619716139593486162e+02,1.706498411152406618e+02,1.837682741512364260e+02,1.729567030391130231e+02,1.689052730086490612e+02,1.945219794687988610e+02,1.869968659804666800e+02,1.631512345688933010e+02,1.816765474087150665e+02,1.656135008457719096e+02,1.611992990165952619e+02,1.809323080194108684e+02,1.566248741284332198e+02,1.594541823053352516e+02,1.686962292014856075e+02,1.748839082132395788e+02,1.893277114438183730e+02,1.857688301592697542e+02,1.680966962380070129e+02,1.761237122698820770e+02,1.493550814715997603e+02,1.667996843101407478e+02,1.765315519135479008e+02,1.761001607756863621e+02,1.785260564495515041e+02,1.764309214728206996e+02,1.727254075278892458e+02,2.124785084432615747e+02,1.935576733352385475e+02,1.630858004649107329e+02,1.445048863022219336e+02,1.890322519235509446e+02,1.787299225822292783e+02,1.632891952411476666e+02,1.522793494554853737e+02,1.718439052897813042e+02,1.696402719854973213e+02,1.588211147566100863e+02,1.911328370490535917e+02,1.481095986883546516e+02,1.591719809361048306e+02,1.492526830418465238e+02,2.000447382553295768e+02,1.519552795454512761e+02,1.956472273715540382e+02,1.509172392966649170e+02,1.624926831518314998e+02,1.623614175789483625e+02,1.732422017599746198e+02,1.804288878016381830e+02,1.639806338423581451e+02,1.758620943322910932e+02,1.789714974805627037e+02,1.761342326699701175e+02,1.796811327807950533e+02,1.529027517712731310e+02,1.990380862414413343e+02,1.820809826531973385e+02,1.712887510978462728e+02,1.833470655165531298e+02,1.621899011118724161e+02,1.857259153193393786e+02,1.681400215298663170e+02,1.766156843796158569e+02,1.979936476816550339e+02,1.836897454227703577e+02,1.605732588318247167e+02,1.569620451252132796e+02,1.987176018510693325e+02,1.708283639775759468e+02,1.754939346791406365e+02,2.003256046554306806e+02,1.710601129372462310e+02,1.644915300830842853e+02,1.739083141328894158e+02,1.689488900554145516e+02,1.947442731636420774e+02,1.938540915311985486e+02,1.763211255219026725e+02,1.702092194473821678e+02,1.840397146718292447e+02,1.661068052288009653e+02,2.036780683017017850e+02,1.640041437113869165e+02,1.861572982865115193e+02,1.803327618572715778e+02,1.642836075393740884e+02,1.684468044228848953e+02,2.051925897277882029e+02,1.638336422630197262e+02,1.686279669486850707e+02,1.647436346259181619e+02,1.766035394943782819e+02,1.627438812494071954e+02,1.752030230167060267e+02,1.496905210679520337e+02,2.025852052623266388e+02,1.966358508412264143e+02,1.741477505105117416e+02,1.784557169272211183e+02,1.560092890695081564e+02,1.905242520620177515e+02,2.274731078700263822e+02,1.905532647707811691e+02,1.747696129368933953e+02,1.610720117678380632e+02,2.088251980899186435e+02
1.879698695382369920e+02,1.947513641003830003e+02,1.792863824882161055e+02,1.821925450018551089e+02,1.791193368574240026e+02,1.755230737846089255e+02,1.972712789461099590e+02,1.806405977274704355e+02,2.149615414859094074e+02,1.756250139299527007e+02,1.783267049201449765e+02,1.829908049265603722e+02,1.955626192208519569e+02,2.296726678282090575e+02,1.958119123955460736e+02,2.099560680301790399e+02,1.782362619015253529e+02,1.732644062199711072e+02,1.701352410523599019e+02,1.843266975907305607e+02,2.115336645282571624e+02,1.751917162783159938e+02,2.145850135573729176e+02,1.960080503334312141e+02,2.374806960884602347e+02,1.991616027409791343e+02,1.929434230318179857e+02,1.978499662625256406e+02,1.715726755756400337e+02,1.902433042223656514e+02,1.845025552773144000e+02,2.317580935620305240e+02,1.922592183899178906e+02,1.759233403298162557e+02,2.233921010291740288e+02,1.771307301139940193e+02,2.074375851284210341e+02,1.843763977175798345e+02,2.142570618142339640e+02,2.005304267496682087e+02,1.598207941364978808e+02,1.779147159863797185e+02,2.059268498937297807e+02,1.949472312012821646e+02,1.720499278568879049e+02,1.894724903396172806e+02,1.632924985805060203e+02,1.783688243142549652e+02,1.854403510936856492e+02,2.466620698085608296e+02,1.626926653540872394e+02,1.843705612479720628e+02,1.744830338661765836e+02,2.142308984158857186e+02,1.783388723762199675e+02,1.863894948088800163e+02,1.992501534420416363e+02,1.825206885316721923e+02,2.068539123523498517e+02,1.802132139207041917e+02,2.032543428579862166e+02,1.943242915435828593e+02,1.957259038697499989e+02,1.889174448413734240e+02,2.109915046856377785e+02,1.844455458758349948e+02,2.050147267447439106e+02,1.887552641254305286e+02,1.912505971143430088e+02,2.028851573893594775e+02,1.920928883936624061e+02,1.777026131761517149e+02,1.925595165725495690e+02,1.376717441430210442e+02,2.202868791155208612e+02,1.776228516122907877e+02,1.976254411791049108e+02,1.928197306554358761e+02,2.044471558694749831e+02,2.086047462137188120e+02,1.751102771868577577e+02,2.006362479104773797e+02,1.717729046806521751e+02,1.879778968763244507e+02,1.426382062208548689e+02,1.956223506417165368e+02,1.791446731270114867e+02,2.138981916250191091e+02,2.113107899296075232e+02,1.981914298227590052e+02,1.936701385347548126e+02,1.797463372356628213e+02,1.946260781987122357e+02,1.964057771259960816e+02,1.920003075614485226e+02,1.983077663923099294e+02,1.665624531402065998e+02,1.909670170512700338e+02,1.838851478261531724e+02,1.953613978773344400e+02,2.050715982743292898e+02,1.949697735764286506e+02,1.984158224656343634e+02,1.899080900668293452e+02,1.786186460604641013e+02,1.807947852716925183e+02,1.848360176241672548e+02,1.870259813539703941e+02,1.950569708759645664e+02,1.809938388817330690e+02,1.742869358241280224e+02,2.008011807739271148e+02,1.979487750547006613e+02,1.911915659469942455e+02,2.052889333341254883e+02,1.708024154246085118e+02,1.635995027741109027e+02,1.831406296900174482e+02,1.831024435755733748e+02,1.903899835594131673e+02,1.947531461882709607e+02,1.737354650068511148e+02,1.943658641629127999e+02,1.811301705675810467e+02,1.886303147097415547e+02,2.023366695971300828e+02,2.008897092220270792e+02,1.895577172746707220e+02,2.111861026096186720e+02,1.696356358763968899e+02,1.961120080007865454e+02,1.542259787482506397e+02,2.000856333380829142e+02,1.988076144979563935e+02,2.227406966724077790e+02,1.649486589071162257e+02,1.863524620582779221e+02,2.070894109846948936e+02,2.102870036996307306e+02,1.484159347268437443e+02,1.886622620484258448e+02,1.930042730855863624e+02,1.838809713334400442e+02,1.885543709810147561e+02,1.686093206195424443e+02,1.802376281555064566e+02,1.805357010851922723e+02,1.924053309146128470e+02,1.680785834551582241e+02,2.036870841870662616e+02,1.826888356217518208e+02,1.916063202083948909e+02,1.697506718136585562e+02,1.589154912434029825e+02,1.913484327150373474e+02,2.075261488545448287e+02,1.751365229099512248e+02,1.832530978262370240e+02,1.942556943253662780e+02,1.795538426945422827e+02,1.913333341831329335e+02,2.059264682076761517e+02,1.835853583890308869e+02,1.571974259897630475e+02,1.664819459585345101e+02,1.816213948588720086e+02,1.740187833115944613e+02,1.656282642572191151e+02,1.892608925380561686e+02,1.697220027690319739e+02,2.254583591725317717e+02,1.871300220543684816e+02,1.737824411505887952e+02,2.079463029670918672e+02,1.689550167156412215e+02,1.788944599070349000e+02,1.972254511281562372e+02,2.083938159422132514e+02,1.571645274091956708e+02,2.040648125595026272e+02,1.763187674193731880e+02,1.609803804200240620e+02,1.762451146792634802e+02,1.664139616117029732e+02,1.809244662692800318e+02,1.777213654941078289e+02,1.968174122668912389e+02,1.788570470586674048e+02,2.061185035432989707e+02,1.697760878292135089e+02,1.783945188315990720e+02,1.850107002302480623e+02,2.057480390947702631e+02,1.862646788340005060e+02,1.876088310846692195e+02,2.104618548011836765e+02,1.761714188104298557e+02,1.841318217676314362e+02,1.790778421333188248e+02,1.888009992095602172e+02,2.023495991794353870e+02,1.777874614001701445e+02,2.022627774211663620e+02,2.084383517390110114e+02,1.943481586262306564e+02,1.648648788508618281e+02,1.722653735689949883e+02,1.841206434237767269e+02,2.090272700866707396e+02,1.815689364139287818e+02,1.783350437329951319e+02,2.187278091163907447e+02,1.883001716618437911e+02,1.903941890719538605e+02,1.857415431767014127e+02,1.970582276828929764e+02,1.823251894645193545e+02,1.729805186165293946e+02,1.946888198162228889e+02,2.090074279623672737e+02,2.154137797260320042e+02,1.712813470883935736e+02,1.694721326454753978e+02,2.002263746347369420e+02,1.927768932731204359e+02,2.025874474558275438e+02,1.920866570842631802e+02,1.824004212791138002e+02,2.093838563794585639e+02,1.847140944612281146e+02,1.695561468859457932e+02,2.085958739621563893e+02,1.756642832440616644e+02,1.831674528531788724e+02,1.938520990261004044e+02,1.972090116957412533e+02,1.956234651837330603e+02,1.955305230237962633e+02,2.190727104676285251e+02,1.937005324423199681e+02,2.032136501622775029e+02,1.847614131700429141e+02,1.813342920988136484e+02,1.645881597491226671e+02,1.709970330977796777e+02,2.072533093095212280e+02,2.046051575812111025e+02,1.637128746898136455e+02,2.121390979610750378e+02,2.063631732211090650e+02
2.126460521907877137e+02,1.894408295153721724e+02,2.129630459160777889e+02,2.008161776834961927e+02,2.619905610425749956e+02,2.262912954260796141e+02,2.218309270110068780e+02,1.926839736361965265e+02,2.096644882289659506e+02,2.423540904677355741e+02,2.222116238239140387e+02,2.102941723306410324e+02,2.225611661627754359e+02,2.155430722818729521e+02,2.050334348876725983e+02,2.401666584991078821e+02,2.196905879986290415e+02,2.309414743445113629e+02,2.055397375960507418e+02,2.370469174617599890e+02,1.843420899372027577e+02,1.917787249870428639e+02,2.309350154419839782e+02,2.181878025529112790e+02,2.167509500680986605e+02,2.053361222306949685e+02,1.904320223166247956e+02,2.195582467707585295e+02,2.185834775697673820e+02,1.829117671236124636e+02,2.631361586126013208e+02,2.355264398126887215e+02,1.924756600200954608e+02,2.313350177665566605e+02,2.029812682576132090e+02,2.103376563792162699e+02,1.947886954454009754e+02,1.981771585459941889e+02,2.276830927360975920e+02,1.949493018298588254e+02,2.180917144696620085e+02,1.975246907113225348e+02,2.207377390582129237e+02,2.191589911661786516e+02,2.074356736070078000e+02,2.138114339590501061e+02,2.066923888046598847e+02,2.074682345537962362e+02,2.120698149905617527e+02,2.576121921890552926e+02,2.077037124549978842e+02,2.302532134882966091e+02,2.204272404727201433e+02,2.357666172640955438e+02,2.483679369849600391e+02,2.216007961710387519e+02,2.133987224978318409e+02,2.101351860542779662e+02,2.031649022730546221e+02,2.213850209882172351e+02,1.990931505973028948e+02,1.721656241297224597e+02,2.210914224710143969e+02,2.263680440915204883e+02,2.039278975048182758e+02,1.843084497948097180e+02,2.368735176329656724e+02,1.960588604268816368e+02,2.250816699120643136e+02,1.907391799544144249e+02,2.023090156165113456e+02,1.715870202894801366e+02,2.236389113020269974e+02,1.832612719025757144e+02,2.177245476155542008e+02,2.107428302869973322e+02,2.428353037035284103e+02,1.978973899208888838e+02,2.477928795347164339e+02,1.978985488952783385e+02,2.294508391536443526e+02,2.252999309071213077e+02,1.857073958392641941e+02,1.770437639423695657e+02,1.996319509258600533e+02,2.131397913792361862e+02,1.795524573136799233e+02,2.603052365597911830e+02,2.207697623649973480e+02,2.222210760030843915e+02,2.222750571144760272e+02,1.976147108782060968e+02,2.473885276363018875e+02,2.139552630796038102e+02,2.059951790821499173e+02,2.119913965692976774e+02,2.040689344664405951e+02,2.143547061113174266e+02,1.940598120413027061e+02,1.822271562433962515e+02,2.096158122614778847e+02,1.972214967300691626e+02,2.050149666994349786e+02,2.304995214532458476e+02,1.992522179774101403e+02,2.146274453341313233e+02,2.134854763747926540e+02,2.032889293283443237e+02,1.952859865453868906e+02,1.899951888621269802e+02,1.936935893187064721e+02,1.839091167097678863e+02,2.029417668359829179e+02,2.133557555201366256e+02,2.113637612131764740e+02,1.810088958138243527e+02,1.953192775449108467e+02,1.941351468432690979e+02,1.963052079117534277e+02,2.024984867454353434e+02,2.197835490900748141e+02,1.878045157858097127e+02,1.987308512741998072e+02,1.865234878079238570e+02,1.912392496145259315e+02,1.868113079912663466e+02,1.955351543023917600e+02,1.985960290653599714e+02,2.093592207512368759e+02,2.219377893922734302e+02,1.971189528047543433e+02,2.348963121753248799e+02,2.281285041582655140e+02,1.921805635784299113e+02,2.195539396806744321e+02,1.952516006076461110e+02,2.155718060164366818e+02,1.899652061584027365e+02,2.484229258533026723e+02,2.005216068388290296e+02,2.015944402054608133e+02,2.069832365744922527e+02,2.035810137086509712e+02,2.177289306477063633e+02,2.014317737217224362e+02,2.222597473246086679e+02,1.930847917187120970e+02,1.982230029731544221e+02,2.146777642701262891e+02,2.175461748954490417e+02,2.096695748357642515e+02,2.260752939635051177e+02,2.356621163279294535e+02,2.127653638495928590e+02,1.912749629314331514e+02,2.119102726920390296e+02,1.991267197409319749e+02,2.354332777045805756e+02,2.124441227372146841e+02,1.940046037094914197e+02,2.046341960646469715e+02,2.088663144218202490e+02,1.989099972831072023e+02,2.173114768501965273e+02,1.989195975411892050e+02,1.947947092943130087e+02,1.841586495865954305e+02,2.053253527451893774e+02,1.869563828872886688e+02,2.359549226099090049e+02,2.341640564011117647e+02,2.203445511046062677e+02,1.993871152664775082e+02,2.094810887796534473e+02,2.046859588938099819e+02,2.236970162174837640e+02,1.895200121938659379e+02,2.169115711143802230e+02,2.633769061315138060e+02,1.879571904068729964e+02,1.661860927410396869e+02,1.976443036783493028e+02,1.898708734598047840e+02,1.807429775187615064e+02,1.893973323274053371e+02,2.255872488841065717e+02,2.118569742866778824e+02,2.401762277205469900e+02,2.081378158736154376e+02,1.851510344674351813e+02,2.076945946197164687e+02,1.856200184676412164e+02,1.963396578721099388e+02,2.181985155847682165e+02,2.166688390885613558e+02,2.187623258753935716e+02,1.876494377892643968e+02,2.073919302934237692e+02,2.080525705991507550e+02,1.865137060929571078e+02,2.211627019690611462e+02,2.045307141340834960e+02,2.140510924501711258e+02,1.961759698732178947e+02,1.879616643627771566e+02,2.187004190290105896e+02,1.989676879815161215e+02,2.195117339862877373e+02,2.319998895412545892e+02,2.229178752338259244e+02,1.977699474643899578e+02,2.235442962130155991e+02,2.024774266734860930e+02,2.057804786682060580e+02,2.266070464239269882e+02,2.016093471584285624e+02,1.822399559357400847e+02,1.981548642417844803e+02,2.156328807649977080e+02,2.058130173789091941e+02,1.887757047474712238e+02,2.092361640459224645e+02,1.808163633847589722e+02,2.326301475162053976e+02,2.132798036362495395e+02,2.141804167197345805e+02,1.817484938357535782e+02,1.789102542413909873e+02,1.987341506460351752e+02,2.037683829773473292e+02,1.964725594927728309e+02,2.399215784602529595e+02,1.776797444159296049e+02,1.967304550580685714e+02,1.963772912485565598e+02,1.945249364545549611e+02,2.193556676905732843e+02,2.203871522741069953e+02,1.925891400803594991e+02,1.936095677601052785e+02,1.995707035471241966e+02,2.179645111881921480e+02,2.078131575627767802e+02,2.206265496728653659e+02,2.257667606560964089e+02,2.182102204329669632e+02,2.012151910961976569e+02,2.138356031384658706e+02,1.881025234075855792e+02,2.131271680818171035e+02
2.110495431640424329e+02,2.160485299605014688e+02,2.072009410813336387e+02,2.313144590014745461e+02,2.293089292450947312e+02,2.223847514868084545e+02,2.378191674307142591e+02,2.094715965439468448e+02,2.798690901501256008e+02,2.679500504903336378e+02,2.293099551313013649e+02,2.274644150730129297e+02,2.601701815533383524e+02,2.751010597168211689e+02,2.283616058386504619e+02,2.308593859049200887e+02,2.661353490285169414e+02,2.381388520727335560e+02,2.050161567155573152e+02,2.396582916799756333e+02,2.502666381596370684e+02,2.240210691169186816e+02,2.191834175621383451e+02,2.372708697350016109e+02,2.571404683871047610e+02,2.230134182568504855e+02,2.023687377034830206e+02,2.518610168372387932e+02,2.434796150437405231e+02,2.651246834039254736e+02,2.260116491937467345e+02,2.573080157007810271e+02,2.228750292903774266e+02,2.137259633259357940e+02,2.250795095903793879e+02,2.496109504685958598e+02,2.538324253618668820e+02,2.431119202068008178e+02,2.535873938175731723e+02,2.350793625034483796e+02,2.288264389734694646e+02,2.241513176462280512e+02,2.184024217883589358e+02,2.264928912832099286e+02,2.389984018207109671e+02,2.344416640445461155e+02,1.786091185643697372e+02,2.302706214104727565e+02,2.403066834898828006e+02,2.782594311054022569e+02,2.151490557108742792e+02,2.018525865234820742e+02,2.229367886716334795e+02,2.320837753371744441e+02,2.345159338208060547e+02,2.127588518776644264e+02,2.176709371803349029e+02,2.220980150756323042e+02,2.119175280275671298e+02,2.142726882322331505e+02,2.209498616560082667e+02,2.649394343310661952e+02,2.067400731601596249e+02,2.275160640166486701e+02,2.299803694642171763e+02,2.038222619078845241e+02,2.637983957599677751e+02,2.401980615116576985e+02,2.346783232164554818e+02,2.145912154952099229e+02,2.449171067768847365e+02,2.301991418575256603e+02,2.324655508693231241e+02,1.979830017577799595e+02,2.390612812756942276e+02,2.141963996342306586e+02,2.375346815050213252e+02,2.455758690093203143e+02,2.748650524974519840e+02,2.547572554509036138e+02,2.367976213102774068e+02,2.313659656061590226e+02,1.962672737314406675e+02,2.741247084302814301e+02,2.251477556774437119e+02,2.347095934689417334e+02,2.467116654888851599e+02,2.486664190248946795e+02,2.004456656353752919e+02,2.410907889231945092e+02,2.020410658384195131e+02,1.934724333093607527e+02,2.379521682374544298e+02,2.291525470380526883e+02,2.158525445548978610e+02,2.186328860486667338e+02,2.262645455136259613e+02,2.244235491033643086e+02,2.100379728588324042e+02,2.240045921853742641e+02,2.745964046591725491e+02,2.325385471299660480e+02,2.432126951871017582e+02,1.993980528612001422e+02,2.374097572299147600e+02,2.355425428670314432e+02,2.400645112168991488e+02,2.392052240962545966e+02,2.455279521943397185e+02,2.126285842784830891e+02,1.885191507739549763e+02,2.159615957043567391e+02,2.312020023163692599e+02,2.265883240534247705e+02,2.408873843669639143e+02,2.192154519131183292e+02,2.143113964578322452e+02,2.230612979049132889e+02,2.423274579907684938e+02,1.944523215592764132e+02,2.664836793837060895e+02,1.803051037770115101e+02,2.055616012555040300e+02,2.064793716668321508e+02,2.235304136100866970e+02,2.342802204246425219e+02,2.488014339414785638e+02,2.039160125391072711e+02,2.673035995913080001e+02,2.331082279801086088e+02,2.343310677321883020e+02,2.074737034667168700e+02,2.273802259512745252e+02,2.078989977365555433e+02,2.857387688505565393e+02,2.179426139453565270e+02,2.140398020676895214e+02,2.652730142010776149e+02,2.374696113876525772e+02,1.949648897215172099e+02,2.745057230164891848e+02,2.313503227714002151e+02,2.438695976678682200e+02,2.217977815892031970e+02,2.142079792000955933e+02,2.354057841037033540e+02,2.374165349816423429e+02,2.463658870965262508e+02,2.226529646950706649e+02,2.181184417414771985e+02,2.201774923718522530e+02,2.059789468092660911e+02,1.788426801174719003e+02,2.014119350058013254e+02,2.173280977106981311e+02,2.029432622425044883e+02,2.062471481276711813e+02,2.299183258668437304e+02,2.523806316836096073e+02,2.078627867761203163e+02,2.261364751380357063e+02,2.256227958337653376e+02,2.050910557527484173e+02,1.910104567410631091e+02,2.176206575376460819e+02,2.041552876330046331e+02,2.165255261023522166e+02,2.248753597510675490e+02,2.349980259089853973e+02,2.545958966480238814e+02,2.549387204635207809e+02,2.567659066782123887e+02,1.989997254256331018e+02,2.108850542032324711e+02,2.211426004038998769e+02,1.981178121645108661e+02,2.286922922207594695e+02,2.257924654616715827e+02,2.464009646681174388e+02,2.388980721219968189e+02,1.927194520712315580e+02,2.169949344928889161e+02,1.982994371765630035e+02,2.187101741633493930e+02,2.223664130917746888e+02,2.769460620846880374e+02,2.267997214393921013e+02,2.249476416261485383e+02,2.394966784947378073e+02,1.939417742812763379e+02,2.505555944002690296e+02,2.259820772972914256e+02,2.019001885179098963e+02,2.250778053436637833e+02,2.538610344693578043e+02,2.357840540508220215e+02,2.355008577343220395e+02,2.141385681200127920e+02,2.286722635745144316e+02,2.429421623951345452e+02,2.233482696892091042e+02,2.189786293991633670e+02,2.512474046491481658e+02,2.147324329820538367e+02,2.582508012656458050e+02,1.952307352585658293e+02,2.072739624477083851e+02,2.162911409862937830e+02,2.440909128357424720e+02,2.378392738137920901e+02,2.161783837320631108e+02,2.521792984248243386e+02,2.293840240160029680e+02,2.361330738400066309e+02,2.064723820601105899e+02,2.299659970964611944e+02,2.184860934599017526e+02,2.043736229293893700e+02,2.368066269992064008e+02,2.380719391779548744e+02,2.447113369465225787e+02,2.210204423114454642e+02,2.110744201578255002e+02,2.519165248591175441e+02,1.877228863082633836e+02,2.553490594810187702e+02,2.181585633957451194e+02,2.124379383107699368e+02,2.260544257106492978e+02,2.373712176281925110e+02,2.170529765099112751e+02,2.386199117488598631e+02,2.198997261241349861e+02,2.430702963897005020e+02,2.253620040101335462e+02,2.412328408161616835e+02,2.523997253341010492e+02,2.277095457482916743e+02,2.145875486542562385e+02,2.396699425510148274e+02,2.329111425612627500e+02,2.095754137464726909e+02,2.509931398299883369e+02,2.266255676874469884e+02,2.126150424228004852e+02,2.776149220707196719e+02,2.218185785095845404e+02,2.574155230065981641e+02,2.415209979178080459e+02,2.424091707152336141e+02
2.379164413007182759e+02,2.450835013219461018e+02,2.271075373690488277e+02,2.169597199327437806e+02,2.857305038532430217e+02,2.497793733940283971e+02,2.473703008951707716e+02,2.050347641706940465e+02,2.633460738822480494e+02,2.518160571636219913e+02,2.121829500136602178e+02,2.674496833591866221e+02,2.379053881759254807e+02,2.745552835322777128e+02,2.533165597372007483e+02,2.597090702696453945e+02,2.428939451781947980e+02,2.238235492522390189e+02,2.348787664280003469e+02,2.443684749445764908e+02,2.894280461220076859e+02,2.471513972353913857e+02,2.628928633410155271e+02,2.798962376596225567e+02,2.562494066789237763e+02,2.430166920915291655e+02,2.425527432279434379e+02,2.470087211708223265e+02,2.336757420845534057e+02,2.145592620157616466e+02,3.111532178265998141e+02,2.873900779639364487e+02,2.446881058829931419e+02,2.544185143496363821e+02,2.487150832485776277e+02,2.420637688183371097e+02,2.234754681189265568e+02,2.401592022631250245e+02,2.593098204577113961e+02,2.399828058970516906e+02,2.672367388695769250e+02,2.436353411123591286e+02,2.698884066123654293e+02,2.568309794102602837e+02,2.441152640494818229e+02,2.425357169680482627e+02,2.303207542157464616e+02,2.222346710851705893e+02,2.483854468719916895e+02,2.937933425637523328e+02,2.342640750225242243e+02,2.589674310627320892e+02,2.432604805492735522e+02,2.890865688547144146e+02,2.604076676182692154e+02,2.494203559243323127e+02,2.515872548176325836e+02,2.634837395088690073e+02,2.562522916479873629e+02,2.348835818687292090e+02,2.361192006718257232e+02,1.787701069538708794e+02,2.606250249798137020e+02,2.220720401216500193e+02,2.565903948757355124e+02,2.224377921790106996e+02,2.605072438003140292e+02,1.951027846711192808e+02,2.462756349033901415e+02,2.530682568906392476e+02,2.425368340530632167e+02,2.642186252555538886e+02,2.698501829840133723e+02,2.023856078039812019e+02,2.672696334495569204e+02,2.345101142739763418e+02,2.846903144679046136e+02,2.465443733754025288e+02,2.582384001928578527e+02,2.532352734254734514e+02,2.452509233841489902e+02,2.406420234000352423e+02,2.480620600772381295e+02,2.458075900857998874e+02,2.201944152451538628e+02,2.754531563786816832e+02,2.582499230312480449e+02,2.668033509365728833e+02,2.822890972204139075e+02,2.402712640292179742e+02,2.827261152739631029e+02,2.286921993792365697e+02,2.551754389213491265e+02,2.339369936562316923e+02,2.059942344291284257e+02,2.484231547729763179e+02,2.145335223518072212e+02,2.269707546349850702e+02,2.173354446457197753e+02,2.222662037947080478e+02,2.558001443530592951e+02,2.090616330532625966e+02,2.505517600069409525e+02,2.483751887692415039e+02,2.326755681881732301e+02,1.973184270535919040e+02,2.543145449987578388e+02,2.499376509467076914e+02,2.458709005476102334e+02,2.256168341646252031e+02,2.143637672949270438e+02,2.612003109100560323e+02,2.429257092094278221e+02,2.718590186446734265e+02,2.578779736755013801e+02,2.272692465525507828e+02,2.330797090427149669e+02,2.445584656399454389e+02,2.338677570578574318e+02,2.386818048751179617e+02,2.588000054735946946e+02,2.146393615003756281e+02,2.535579696948706783e+02,2.421373103412374235e+02,2.142538906502158795e+02,2.483538217923910167e+02,2.553662745984659637e+02,2.572120890045260353e+02,2.695295002918091427e+02,2.329656155009664928e+02,2.467656553259324426e+02,2.410594816516415619e+02,2.475071402186736123e+02,2.868698716534707955e+02,2.806786948513998823e+02,2.234778344786331843e+02,2.554925692130293839e+02,2.535306842129280369e+02,2.863018789539443674e+02,2.200312080357806508e+02,2.511470005170319268e+02,2.291121318703905558e+02,2.294350643065746453e+02,2.309777318284012040e+02,2.166084884963846093e+02,2.444441529621340692e+02,2.400674149897734537e+02,2.749064220136258996e+02,2.604500509715330736e+02,2.621963186164323361e+02,2.412035174372422546e+02,2.574186548978190672e+02,2.733692564247664905e+02,2.272410688721875260e+02,2.146984413641797858e+02,2.682829913268525388e+02,2.095571703611418570e+02,2.557832508728986340e+02,2.414311501800004862e+02,2.375523011255847905e+02,2.348305185753977753e+02,2.306507511492162905e+02,2.347301151945216020e+02,2.172813372186545848e+02,2.395552784568689901e+02,2.186966020407072619e+02,2.208642070413307010e+02,2.291402544397037673e+02,2.443464519519076532e+02,2.548461622495626386e+02,2.579059080887823256e+02,2.459409315176946222e+02,2.243388874329749569e+02,2.144918488461151753e+02,2.553404242508220818e+02,2.402050572441428926e+02,2.238727884809538580e+02,2.662086566480801935e+02,2.774863653289569356e+02,2.407688034006835096e+02,2.062802666818859905e+02,2.558016512899426402e+02,2.212235086295365249e+02,2.132109792930255878e+02,2.238262445733759023e+02,2.525133572412920557e+02,2.324980409028080146e+02,2.509068236889879415e+02,2.511157341686838436e+02,2.243153797913158769e+02,2.506362491988880663e+02,2.633148122404612650e+02,3.086500065964863211e+02,2.299829177027404228e+02,2.521823430205871261e+02,2.312041907052549163e+02,2.478622009554434840e+02,2.874864161585467741e+02,2.520643775143136622e+02,2.449569311996553438e+02,2.293212126804140780e+02,2.188916969463678583e+02,2.504537700655974675e+02,2.772538023503024647e+02,2.558316721513183154e+02,2.495482402162936353e+02,2.421730308035924111e+02,2.564668725087021244e+02,2.755730715759387408e+02,2.656423628637978709e+02,2.472559257655200895e+02,2.455271865710730026e+02,2.389178730891522093e+02,2.691203126151661991e+02,2.828877543071056380e+02,2.337016332616901764e+02,2.297686065599165772e+02,2.258008241972684687e+02,2.584640753386707388e+02,2.392482896071045388e+02,2.590435895638998431e+02,2.474996277099712927e+02,2.413157883006408326e+02,2.717929845057340117e+02,2.633307615728972451e+02,2.475892583191373433e+02,2.331185842850829033e+02,2.301227289257869870e+02,2.731621854116399390e+02,2.247055294798398393e+02,1.928983907927322718e+02,2.440392679492783827e+02,2.267744720443126027e+02,2.292429753871708442e+02,2.289830495196867446e+02,2.452340408636081861e+02,2.488907908461852401e+02,2.494378781463344978e+02,2.333067079622746007e+02,2.178262415143543649e+02,2.901743687838825281e+02,2.661483315092332305e+02,2.301523357989531178e+02,2.342745423397691695e+02,2.718913568754400103e+02,2.924520083064951450e+02,2.507066394092168196e+02,2.272065843486539052e+02,2.157703626424831214e+02,2.481934237251078912e+02
2.475348189630124409e+02,2.645403879962146334e+02,2.581369472519481860e+02,2.670047526036631211e+02,3.084489485090350627e+02,2.772362959382265899e+02,2.763614173300725838e+02,2.519806212984838112e+02,2.733898251354735294e+02,2.906122984734971055e+02,2.718780866821405766e+02,2.618760538134161493e+02,2.806464930285117703e+02,2.936419751904564350e+02,2.785465011002473830e+02,2.843104539041328849e+02,2.568031521569839128e+02,2.977463237486700223e+02,2.235252594404678348e+02,2.943676990473140904e+02,2.931473542897205675e+02,2.746199994429491653e+02,2.648128270847404906e+02,2.940222324843971933e+02,3.010827864119715400e+02,3.404726169168440606e+02,2.255434834637674726e+02,2.669760522942181069e+02,2.921058944683332470e+02,2.853762888719954276e+02,3.294302356161770717e+02,2.962478271460141741e+02,2.624760170425844308e+02,2.746790214985840635e+02,2.658811905540447356e+02,2.657698293054330065e+02,2.715147858844405846e+02,2.462684624906640352e+02,3.120850881584009358e+02,2.794821353371197574e+02,2.936456929059031040e+02,2.456454204268660817e+02,2.940669956245643561e+02,2.547351740707247529e+02,2.689446405917249194e+02,2.755599114932149405e+02,2.608994841234093656e+02,2.840718608388684743e+02,2.920527364902076783e+02,3.176628599385479106e+02,2.811556424024700505e+02,2.791963762375957572e+02,2.470930429732652271e+02,2.637373534821675207e+02,2.678786743260044432e+02,2.718251934055784886e+02,2.443378410069526581e+02,2.541453495593404170e+02,2.905749916897683534e+02,2.495532112887312337e+02,2.479572454861972233e+02,2.882950674499465435e+02,2.629482042075246113e+02,2.696650915728908444e+02,2.797629678005873757e+02,2.599732694739478802e+02,3.161070797779561872e+02,2.512405898353030125e+02,2.862212998847310814e+02,2.508890012874690001e+02,2.676881384109784676e+02,2.781545112922556200e+02,2.711441164744990147e+02,2.198886825131975797e+02,2.570476229610104042e+02,2.664736376423978754e+02,2.471989274817891555e+02,2.322038965376287365e+02,2.884917342294324953e+02,2.653689447201755911e+02,2.459744341848996214e+02,2.554834426821818738e+02,2.533671322097578695e+02,3.001410777593939088e+02,2.271581339408006102e+02,2.225434751590188966e+02,2.358134888538913572e+02,2.972694393058292803e+02,2.568096084846768576e+02,2.728413832246052948e+02,2.790165831998407384e+02,2.661451292588847650e+02,2.821935834984176381e+02,2.513431936323551099e+02,2.794072294104716434e+02,2.801491519706997337e+02,2.627434987580172105e+02,2.498201463175526840e+02,2.762037932057851890e+02,2.639445401472008825e+02,2.965047295359740929e+02,2.864754362112847161e+02,2.745994719055531732e+02,2.384721338210867714e+02,2.444602028524186892e+02,2.880239307904819839e+02,2.772433294953829090e+02,2.681516823558853844e+02,2.766857420081871055e+02,2.516922719863340774e+02,2.309979564450783016e+02,2.754570465009919644e+02,2.573137545985339898e+02,2.478468120937335186e+02,2.502477487534188754e+02,2.457006634416799216e+02,2.300812399882080399e+02,2.850596521618328438e+02,2.891506932170103141e+02,2.418486463896261398e+02,2.994565838246678595e+02,2.441819040807519059e+02,2.525947304741070241e+02,2.687207631093076543e+02,2.866451009030326986e+02,2.452081720319096121e+02,2.778308455063767610e+02,2.651990565890413336e+02,2.717636016738193234e+02,2.605855127009469356e+02,2.745777954672252577e+02,2.451615037827943127e+02,2.856866830667483441e+02,2.672865031333460593e+02,2.958841581173779787e+02,2.607943132505733956e+02,2.531982815553351145e+02,2.762119829257525794e+02,2.741373571777967868e+02,2.367201957150337535e+02,2.821600860609459005e+02,2.519678316277756096e+02,2.461814890694435576e+02,2.585617663153594208e+02,2.596670951605329378e+02,2.458973689845388719e+02,2.589504564115869698e+02,2.728351104388466410e+02,2.747993491444990468e+02,2.634146589952543422e+02,2.874787653124085978e+02,2.718976401502568478e+02,2.452969123639556699e+02,2.488410772471190455e+02,2.474810539060794952e+02,2.689701456054169171e+02,2.571462184369219131e+02,2.579963687656489242e+02,2.628088009747260685e+02,2.221224586244039472e+02,2.598460366909289405e+02,2.510718951127386163e+02,2.694725045738327935e+02,2.573120973316250115e+02,2.510117963090901867e+02,2.447126370631705186e+02,2.689614524796203341e+02,2.379499905209036683e+02,2.748253672279377042e+02,2.607950389626954575e+02,3.008528922810604627e+02,2.770539639524178597e+02,2.731950594146357503e+02,2.955669035664370767e+02,2.403700963280568317e+02,2.524657311788902518e+02,2.673024101771359256e+02,2.844190534483619217e+02,2.863608684427799744e+02,2.620901225274378703e+02,2.355718930082233271e+02,2.330575573182550499e+02,2.240775103690265269e+02,2.291444518628372862e+02,2.370659331974620159e+02,2.938719214605727075e+02,2.688371684757806861e+02,2.697711628416271310e+02,2.531461655747202428e+02,2.107798757106556309e+02,2.675768293761430527e+02,2.560794982994757447e+02,2.928207935677908722e+02,2.810108957089724413e+02,2.737447272713837947e+02,3.132614255686439719e+02,2.443159954943886305e+02,2.570083712416930553e+02,2.751711909879221594e+02,2.843153975788936236e+02,2.411043618765974941e+02,2.648399000564374433e+02,2.750683954566517855e+02,2.747416420005469035e+02,2.761108274771055449e+02,2.648987519775329815e+02,2.521985536674021375e+02,2.563534441159516746e+02,2.755715790646004280e+02,2.763503886908826530e+02,2.611052583354285161e+02,2.758978427118380523e+02,2.905431603590962482e+02,2.691025436620829510e+02,2.342926108286819442e+02,2.615770208787065485e+02,2.526879667078008254e+02,2.578990620907866287e+02,2.641456984824857273e+02,2.941076328895396159e+02,2.834592927372539179e+02,2.815143583702642900e+02,2.539262585558139449e+02,2.716724978184549855e+02,2.490394142929056045e+02,2.895871482396743772e+02,2.521058046676948550e+02,2.383512755761590256e+02,2.730512934309437014e+02,2.613081945131067414e+02,2.477290326929150410e+02,2.753725877940923965e+02,2.463205902733470793e+02,2.856589147893415657e+02,2.508923425687579538e+02,2.776974227256204131e+02,2.736224830559160068e+02,2.448710911644247972e+02,2.505668179006218566e+02,2.635455934889462242e+02,2.734718127362585847e+02,2.548159686693806520e+02,2.743781290539681663e+02,2.624466234204506918e+02,2.881586844678719785e+02,3.017305053717367400e+02,2.783571982032387950e+02,2.308728351408623496e+02,2.440277876234491714e+02,3.176508775137772886e+02
2.279758836232578005e+02,2.603243553667172705e+02,2.389599859322542557e+02,2.163798015005604327e+02,2.023512230829231555e+02,2.429248174323790295e+02,2.258861006583659616e+02,2.250540084323829433e+02,2.417700030396127318e+02,1.969887101450046316e+02,2.038133249829212446e+02,2.458571597835166358e+02,2.761243706831440932e+02,2.379516033597009539e+02,2.399216941309456104e+02,2.592161570642435322e+02,2.347689220459059527e+02,2.113829044574764282e+02,2.311687824503572131e+02,2.452181864802549569e+02,2.455265772060787981e+02,2.455197500338441898e+02,2.685051231683674473e+02,2.585361251788488062e+02,2.379140519360288124e+02,2.560266057468188592e+02,2.392032008994619332e+02,2.455681912694919049e+02,2.619846953926309538e+02,2.201838419632383932e+02,2.252485251498280263e+02,2.754982893832295190e+02,2.361264779375071896e+02,2.285751412147576218e+02,2.418268897546400069e+02,2.434884903912152652e+02,2.918212775630006490e+02,2.318006576703489827e+02,2.287714448450595057e+02,2.263241080568956534e+02,2.401365885223218299e+02,2.134052683784257169e+02,2.683843198443495339e+02,2.458393181619825896e+02,2.179470563812300554e+02,2.358063589735394885e+02,2.081662634727742329e+02,2.051789390198489684e+02,2.311039067891877039e+02,2.515309616575171674e+02,2.499584015328466080e+02,2.560546963586932634e+02,2.331369261655802632e+02,2.710423012127221227e+02,2.283103299124741454e+02,2.337847108601768582e+02,2.621367799692030758e+02,2.187566700948846687e+02,2.230988977816664374e+02,2.474371969925118435e+02,2.485645197350755780e+02,2.625170474081656948e+02,2.353131136715259970e+02,2.171366421478174686e+02,2.452687799212272637e+02,2.167140579604127879e+02,2.390192713517433276e+02,2.118409908170314395e+02,2.461535163961883939e+02,2.588135233822778218e+02,2.638831699821183747e+02,2.586288197304181153e+02,2.692963699815294945e+02,2.066489398063695546e+02,2.471328455375243038e+02,2.595908672847684215e+02,2.192055583529794660e+02,2.251893902666591316e+02,2.887810234262561266e+02,2.601673542514620863e+02,2.327039500464545370e+02,2.299493775153970034e+02,2.355910420020355218e+02,2.401124039714819389e+02,2.365538799511594732e+02,2.568517660214037619e+02,2.048538617263808987e+02,2.450932734080971329e+02,2.358795471030404940e+02,2.238288415586823703e+02,2.222344588467480833e+02,2.313016104369000630e+02,2.190422685542339138e+02,2.404593908085916496e+02,1.928287586336147115e+02,2.298228526676941215e+02,2.167459186159063620e+02,2.557720392331932260e+02,2.265011937555000259e+02,2.044956218850447556e+02,2.178756329242997651e+02,2.109823555351250093e+02,2.201835054032553671e+02,2.498639299298588128e+02,2.221908214900260248e+02,2.211291135211979793e+02,2.572096448454545907e+02,2.609482107051265416e+02,2.157903884366208445e+02,2.315427548078837674e+02,2.127154223515722720e+02,2.500776316593857018e+02,2.488627249187000814e+02,2.435413772041978859e+02,2.186315785313906588e+02,2.354145806006333430e+02,2.198358974445891363e+02,2.561013044775286289e+02,2.271075400145123808e+02,2.473198983761099612e+02,2.472446274964696329e+02,2.184676206138687746e+02,2.211805121421718070e+02,2.022332743439421847e+02,2.141501647858914907e+02,2.536488259630390587e+02,2.514392578941855732e+02,2.228672792028075378e+02,2.745133931544534676e+02,2.166083284354268699e+02,2.615754676077855265e+02,2.395772527152506086e+02,2.435977368675081038e+02,2.513440397713523851e+02,2.375691449141746432e+02,2.319099187199513210e+02,2.127567424055388869e+02,2.311156524509100620e+02,2.668929532765665158e+02,2.103153690811793979e+02,2.125505215019168475e+02,2.540499635809808012e+02,2.460981575160234343e+02,2.707003616649961373e+02,2.378103380273430787e+02,2.377429654118483882e+02,2.132415616939516667e+02,2.417223310754903878e+02,2.163287653552977190e+02,2.243023427328098478e+02,2.467324837545500316e+02,2.293137176595949711e+02,2.241301559920185298e+02,2.224435653570371869e+02,2.261723033151420168e+02,2.388258676109178680e+02,2.118123855475515995e+02,2.347012098138614533e+02,2.134334593135674538e+02,2.389070842098106482e+02,2.485477886859633259e+02,2.305524074586119241e+02,2.089499541670484462e+02,1.896808273161370266e+02,1.989003763263491749e+02,2.238559382755236982e+02,2.175729965053637329e+02,2.278834624367943036e+02,2.284656134432511863e+02,2.588526056878777695e+02,2.639939308626992442e+02,2.747309505448904474e+02,2.556979145443202128e+02,2.225356695654955388e+02,2.374769198889849235e+02,2.230567642723614767e+02,2.222571315954035072e+02,2.606687316775289673e+02,2.794193704599385342e+02,2.705768577182735726e+02,2.173809419538732470e+02,2.278108313476483602e+02,1.917320027128606625e+02,2.217679821362138455e+02,2.049071739127923308e+02,2.431694995520658154e+02,2.112798200781372202e+02,2.185358854076619650e+02,2.323524049452895213e+02,2.470849957219687667e+02,2.336828093647936839e+02,2.539499478870837095e+02,2.395230905252550997e+02,2.300682949291092712e+02,2.779522650175504168e+02,2.235185070573057828e+02,2.255812138597903811e+02,2.314759941871871547e+02,2.105606420051522605e+02,2.177034730244814398e+02,2.499330482218675797e+02,2.308539354760535218e+02,2.471683966764231286e+02,2.498475765080701763e+02,2.554822430148114165e+02,2.450777905533572323e+02,2.566084293394411020e+02,2.493054450486899043e+02,2.602704650574769403e+02,2.451126175407501364e+02,2.495803363539021689e+02,2.761285351518127982e+02,2.478975990733912909e+02,2.556179845716791306e+02,2.919684560804347484e+02,2.246643929697700059e+02,2.343021844112407166e+02,2.471171423947739356e+02,2.539161943549732143e+02,2.539845370915429328e+02,2.514178714734510436e+02,2.311367901516116774e+02,2.608509871687807617e+02,2.232530227910178837e+02,2.321370662331265748e+02,2.543234182662384057e+02,2.140647004139520391e+02,2.159530906695894146e+02,2.365396200716843964e+02,2.375139573065850414e+02,2.399749067938087137e+02,2.552552094044130797e+02,2.240382453562139347e+02,2.284203818314715306e+02,2.666358855047407701e+02,2.221975050542181123e+02,2.464071961169050553e+02,2.661199001370043788e+02,2.525701079300511367e+02,2.332248870821371725e+02,2.664384699379172616e+02,2.341464999132150524e+02,2.293976092545434824e+02,2.242172993585664926e+02,2.403906050377423753e+02,2.761501025671944944e+02,2.470497604305506343e+02,2.527637077741252654e+02,2.486240141801567063e+02,2.143726842081137249e+02
2.265578509521919841e+02,2.009361165760597885e+02,2.268024433185199484e+02,2.250666581802116468e+02,2.785387471135118744e+02,2.535424924079488846e+02,2.485015435463366202e+02,2.244070407906721130e+02,2.306739978605546924e+02,2.463574633650492274e+02,2.264194865668826537e+02,2.192154442321479166e+02,2.340887609223102572e+02,2.624830788866991043e+02,2.205985246316267308e+02,2.412943026781291564e+02,2.336599653544990645e+02,3.138411020328900349e+02,2.224583163399453269e+02,2.078138839554513027e+02,2.558377036921020533e+02,2.192594247781241279e+02,2.276255784790153598e+02,2.422683278958890298e+02,2.644252604998856668e+02,2.450038859342052149e+02,2.043631440615788506e+02,2.460065591697901937e+02,2.103032483964587982e+02,2.276224183058261588e+02,2.139812858902348012e+02,2.206621358336910816e+02,2.065237186926850086e+02,2.395306229783795686e+02,2.510412277159583994e+02,2.343988914979637173e+02,2.468833436256641392e+02,2.523953622882058880e+02,2.388160140582994302e+02,2.023336469529042176e+02,2.290512882232853542e+02,2.460170965558094451e+02,2.598990006542942979e+02,2.366454619427697423e+02,2.480457077135322095e+02,2.333185314632982568e+02,2.162124581722393941e+02,2.465338255369173908e+02,2.367598621037116402e+02,2.762877251456390013e+02,2.312229288179947275e+02,2.436429010459093831e+02,2.373786068305444132e+02,2.242552176403209216e+02,2.493501132016240263e+02,2.438570453070987298e+02,2.237498880589628527e+02,1.993891273035732752e+02,2.360583086326459181e+02,2.191906576823512012e+02,2.037012133958347704e+02,2.498470841865351701e+02,2.184272214264160255e+02,2.490131515947878711e+02,2.293106421069896612e+02,2.480203483260187056e+02,2.365661101876124235e+02,2.191698304114323435e+02,2.259151453672830314e+02,2.219942772372544368e+02,2.292759082717341812e+02,1.932527499613352120e+02,2.230306683335546154e+02,2.085438001835007356e+02,2.399390350128460625e+02,2.384786493978798774e+02,2.421251517902009311e+02,2.318828062679304480e+02,2.361576311578191110e+02,2.370524691254545644e+02,2.408228246012534157e+02,2.324075469499854876e+02,2.081491849461462493e+02,2.338702786804424534e+02,2.249939872577124618e+02,2.007032074815551255e+02,2.133311046606231116e+02,3.064225054739542315e+02,2.338834877094960518e+02,2.422552170587608202e+02,2.482719086696739055e+02,2.164245796870974914e+02,2.443270230527841136e+02,2.504258211277178816e+02,2.556915697733207935e+02,2.195308493971847952e+02,2.318779063734360477e+02,2.142093293288923235e+02,2.124800581049688617e+02,2.215514183539408464e+02,2.405831014646274753e+02,2.308884658914971055e+02,2.457661465590250316e+02,2.430856700066186988e+02,2.367291390287658146e+02,2.600109111070497079e+02,2.406857113843697675e+02,2.429673165295190529e+02,2.309123247362341544e+02,2.211713150339187166e+02,2.088178471140057297e+02,2.395515651993152062e+02,2.249085230351046221e+02,2.206544597497481277e+02,2.577519249209331065e+02,1.984647616989732342e+02,2.192962999790161405e+02,2.481418905168622757e+02,2.182812805250050872e+02,2.118125422140344654e+02,2.395577431821952814e+02,2.043186472293105282e+02,2.487877984393064708e+02,2.155013581790177852e+02,2.053215928042290273e+02,2.506527363648633013e+02,2.534608000999587318e+02,2.415414747100420243e+02,2.087694900627892309e+02,2.225816300023944905e+02,2.161967199001607582e+02,2.408151941807306002e+02,2.552291222478270925e+02,2.501282966035666391e+02,2.609664096017646102e+02,2.304083812783890437e+02,2.235360333574255378e+02,2.621084272509886546e+02,2.538871117275000415e+02,2.080750981050554458e+02,2.551710128265827393e+02,2.330359303595054996e+02,2.192212607060682785e+02,2.199717601195978034e+02,2.076445286918696524e+02,2.302570346445716893e+02,2.503424774815003104e+02,2.264039804250615759e+02,2.239772836043585755e+02,2.548330691780678592e+02,2.362025429415566862e+02,2.222130988535303970e+02,2.325591533600518233e+02,2.277076025000901893e+02,2.327631485311218285e+02,2.354328045439748962e+02,1.946124052791718952e+02,2.296373563509773987e+02,2.718864491424837411e+02,2.262999755904799315e+02,2.103878403727593707e+02,2.187096944297661025e+02,2.197043650287206162e+02,2.282737819669267196e+02,2.185568298099196909e+02,2.407227902624019009e+02,2.292154113115270775e+02,2.074498434474325563e+02,2.678712166803428545e+02,2.328780604016433244e+02,2.462355456876624373e+02,2.165794176630501795e+02,2.059994277502556201e+02,2.111044695280663746e+02,2.180675645599185941e+02,2.254634769096507796e+02,2.073280579092401013e+02,2.341726827586271895e+02,2.495038030983682518e+02,2.183596841672803919e+02,2.177663563971813971e+02,2.111116674246618174e+02,2.101940072424981167e+02,2.277167583385132730e+02,2.423874571781863665e+02,2.515795147714306097e+02,2.612232197642393317e+02,2.673801350558318290e+02,2.234925221137630729e+02,2.174657066149574121e+02,2.427842476959725673e+02,2.177869031745482005e+02,2.413055498095264966e+02,2.298879839198580726e+02,2.320113630678958998e+02,1.888964266349773311e+02,2.318554840368908003e+02,2.399792173366161308e+02,1.880727303348602391e+02,2.286173165677656982e+02,2.018368797644827737e+02,2.224347626156951208e+02,2.531658823816421773e+02,2.331543154901948185e+02,2.563948349954319497e+02,2.112240426469255397e+02,2.422927334299298536e+02,2.316719155123259668e+02,2.559038889206014460e+02,2.416483611444654969e+02,1.973619342115910911e+02,1.943782560335004348e+02,2.301013825878503667e+02,2.607739295532107917e+02,2.331483256289693600e+02,2.327438147649120594e+02,2.134314984601804497e+02,2.133277873070279895e+02,2.499291168133596273e+02,2.443838143718681692e+02,2.666543254646804257e+02,2.378379209450345684e+02,2.323715221964350803e+02,2.471060948074649843e+02,2.161175225926921257e+02,2.227268162074647080e+02,2.312034956941386952e+02,2.413264688915245131e+02,2.071568457962185050e+02,2.353571579479044260e+02,1.960664553696334735e+02,2.192135134984039837e+02,2.559433263837191248e+02,2.279954763609569568e+02,2.311460517141145203e+02,2.316756981566009586e+02,2.627418078970320607e+02,2.114737462613225034e+02,2.302083388458669617e+02,2.315020753692421636e+02,2.181181074557609634e+02,2.404069920949565073e+02,2.359651309115525066e+02,2.463314837287533976e+02,2.498694444071213354e+02,2.246699414673215927e+02,2.170095942014827983e+02,1.969482559688804599e+02,2.079322389015360386e+02,2.641827403225532294e+02
1.451047558846585446e+02,1.990683583544382032e+02,1.918133552340696326e+02,1.692535893159695206e+02,1.254782426876464285e+02,1.855995843731461150e+02,1.983052611163124368e+02,1.715955851965545662e+02,2.041039387145390549e+02,1.266639903067505770e+02,1.688643369695350316e+02,1.923227366453600382e+02,1.900262024308364914e+02,1.614300573831870622e+02,1.899754709790410914e+02,1.820110788816171521e+02,2.254714197330216905e+02,1.522792112620345222e+02,1.675839798121109538e+02,1.620024120297280490e+02,2.451094367416698958e+02,1.806965109341750804e+02,1.754746860918005495e+02,1.662576421760694814e+02,1.704060270869720739e+02,1.386791837788829298e+02,1.414839078515074675e+02,1.664750203433448803e+02,1.786725311489002763e+02,1.643715927628579152e+02,1.539003916455237402e+02,1.843323217658494286e+02,1.268339788757227211e+02,2.132850242803052367e+02,1.462951141225447884e+02,1.518052760933467198e+02,2.044269583933820797e+02,1.783252682831518712e+02,1.997048089876275867e+02,1.740995020909239202e+02,1.895764409161654100e+02,1.781429583201158664e+02,1.467284048110757055e+02,1.978803236754918373e+02,1.856441711171050315e+02,1.794721297669490525e+02,1.854791941011972654e+02,1.758618166320805187e+02,1.564830101538540532e+02,2.221844583423447546e+02,1.973066497902226502e+02,1.987076329136432946e+02,1.574744209443871057e+02,2.631837837304234426e+02,1.732243254954065605e+02,1.678469136752106863e+02,1.809808820417098048e+02,1.686362786381127989e+02,1.137621952272310750e+02,1.661744254609063773e+02,1.415485199583717701e+02,1.629794982539224009e+02,1.496378544650956712e+02,1.644634394790119813e+02,1.834715891236794505e+02,1.523832237136587082e+02,1.935127878932584622e+02,1.364538703008669813e+02,1.371489356826847086e+02,1.550758475196008419e+02,2.273432639998152069e+02,2.161350838601534576e+02,1.727375693238301153e+02,1.876752327304664618e+02,1.455299153489667106e+02,1.989649622463277012e+02,1.067201387327462214e+02,2.149417440833919102e+02,1.649619088604280250e+02,1.714029028940454396e+02,1.924543537160382130e+02,1.810275005312423389e+02,1.639342322158778416e+02,1.820955422376658532e+02,1.814839415895256138e+02,1.634699187731831955e+02,1.504764122917372049e+02,1.722164865981911248e+02,1.862923267383805239e+02,2.198507498596009100e+02,1.624882438832230207e+02,1.554499171298208751e+02,1.556918521344850603e+02,1.824615292878497712e+02,1.498022178174757926e+02,1.773209306004226562e+02,1.868257980034294405e+02,1.532209682299122449e+02,2.106837980537948738e+02,1.411004766693324655e+02,1.763817925471448405e+02,1.609386882116069444e+02,1.854453092003833774e+02,1.966132046032634832e+02,1.969210917317823828e+02,1.754920338898269279e+02,1.708647424139139162e+02,2.063561052746534585e+02,1.795502216979272134e+02,1.945464502387224854e+02,1.682585185306034248e+02,1.882057795099493376e+02,1.809231811765315570e+02,2.011246221783276837e+02,1.828391368204929108e+02,1.890513511315546964e+02,1.559048320482436338e+02,2.157534983880169364e+02,2.016685837900600404e+02,2.220780714153036115e+02,1.701740162574023429e+02,1.786826704123006095e+02,1.593440115959143952e+02,1.974629033808849385e+02,1.909770118864470874e+02,2.155144153493278338e+02,1.800973930057767234e+02,1.940325646173368170e+02,1.571272150938965808e+02,1.910897877683019885e+02,1.745472776401464046e+02,1.834490192434829510e+02,2.284699179296263196e+02,1.678533937004200425e+02,1.811297741769246841e+02,1.951096737981538070e+02,1.444191431574828357e+02,1.713363685346709246e+02,2.165797889817709176e+02,1.364000139423708333e+02,1.666554109303828852e+02,2.173393221204023575e+02,1.634586495038485907e+02,2.009475184538820542e+02,1.682321751532400071e+02,1.815652293400657982e+02,1.821592508601605971e+02,2.055702368078208337e+02,1.637534382109764124e+02,1.994212300630199479e+02,2.081268180386897484e+02,1.294569067796869888e+02,1.746793392723107274e+02,1.739308593255929623e+02,1.541035546279184416e+02,1.896259041256992930e+02,1.641604188606677894e+02,2.243651673324750391e+02,1.495634955496234397e+02,1.449173922825317788e+02,1.926730397648348969e+02,1.758010939059351756e+02,1.520255309452173549e+02,1.293027346167400253e+02,1.586480422196330551e+02,2.088734704579370884e+02,1.902220118510323346e+02,1.484071859221080558e+02,2.273774341237692909e+02,1.964253343083464074e+02,2.080988688907269193e+02,1.647380224498730854e+02,1.468111981724701423e+02,1.482738394868980834e+02,1.706064536374756244e+02,1.453308040158104291e+02,1.999568154436305747e+02,2.098848307039850454e+02,2.339626781165723060e+02,2.290793643673721078e+02,1.445391293099861798e+02,1.545182488661536979e+02,1.636310577226603300e+02,1.564443624156887722e+02,1.654964135240640530e+02,2.805757622812843692e+02,1.627203647784471627e+02,1.293714010973975519e+02,2.053907963900723530e+02,2.097612814000907520e+02,1.718259153519010169e+02,2.053492284235019554e+02,1.683005805215380803e+02,1.409704878760845190e+02,2.076533067746469783e+02,1.760136083197742209e+02,1.537502655033958092e+02,1.323069674784424024e+02,2.008809337896212242e+02,1.739006011097731630e+02,1.795006697678926457e+02,1.656554647857298050e+02,2.147305304743930208e+02,1.520960996547469790e+02,1.482267764761877515e+02,1.385117131653396996e+02,1.688718545475398969e+02,1.670056277763470121e+02,1.782372532700358363e+02,1.596019362504111427e+02,1.609986359088368886e+02,1.970707575386249175e+02,1.879068172779966517e+02,1.558233695548045716e+02,2.287834393041683825e+02,1.758576866698751076e+02,1.680260801910594353e+02,1.896344866506565268e+02,1.548603345928516148e+02,1.517751079172315372e+02,2.100236362224854361e+02,2.025010192076176736e+02,1.794311184489967843e+02,1.937432822224181734e+02,1.666054410142922677e+02,1.642628946981405420e+02,1.462315287444907881e+02,1.702857647657980920e+02,1.938523597488624830e+02,1.931250765011082819e+02,1.719872799504138925e+02,2.017095971220896047e+02,1.996993550833002189e+02,1.427597780184666760e+02,1.875810170399296055e+02,1.856375949354990667e+02,1.677952459366308346e+02,1.853427539627541591e+02,2.080340633029753690e+02,1.762213822331556798e+02,1.845636520859981147e+02,1.553720270824343856e+02,1.662234826484840369e+02,1.474375599367190830e+02,1.685511579536023987e+02,1.761034107974310530e+02,1.898899322040656443e+02,1.807354419594490480e+02,1.756745323673642645e+02,1.872885803290417925e+02
1.412991323260638694e+02,1.695904188458817430e+02,1.611878540286088821e+02,1.690377021844448109e+02,1.629519391295338551e+02,1.648478752612505218e+02,1.164229011823587285e+02,1.788498927527647595e+02,1.640192016423528116e+02,2.042867446010867525e+02,1.821857711056094047e+02,1.330159469184640670e+02,1.726473888736929325e+02,1.683576330467621744e+02,2.026909445904489644e+02,1.766618584931870259e+02,1.597082200059606691e+02,1.504381299391471885e+02,1.670005178231105276e+02,1.903848901919820094e+02,1.847769269290532748e+02,1.595671184674531276e+02,1.522401061298558318e+02,1.739885123590975695e+02,1.579003819681945515e+02,1.729063459625747328e+02,1.604192951103365203e+02,2.044578273035863845e+02,1.637552435369036630e+02,1.290608745684963878e+02,1.126317393740701078e+02,1.837582751090904480e+02,2.052700298872466362e+02,2.025846289998078760e+02,1.866514020462236942e+02,1.528986841926877389e+02,1.573911751626631030e+02,1.686334965474780461e+02,1.614286924001406192e+02,1.499954680784533139e+02,1.667556304227219073e+02,1.618737832515581090e+02,2.124054854671495320e+02,1.504778085785920325e+02,1.453952988255173864e+02,1.650025815612283395e+02,1.337324675731901209e+02,1.675521842099628316e+02,1.876182935609775768e+02,1.768445208385145406e+02,1.810930415798288777e+02,1.373972646123161780e+02,1.680063394491053259e+02,1.480455349759376702e+02,1.548489770476351453e+02,1.716698553100644347e+02,1.769837838723881589e+02,1.461113979776169742e+02,1.932343987719361564e+02,1.461047359394526666e+02,1.931497943306407308e+02,1.613110797631698290e+02,2.020164247303451646e+02,1.721416414828905204e+02,1.461879736612153522e+02,1.433646730411641386e+02,1.536610316095919302e+02,1.540346600060293270e+02,1.904734108357140201e+02,1.840011363070473180e+02,1.736393214133346135e+02,1.213755896350556895e+02,1.845076671706921729e+02,1.536564094659847228e+02,1.903967036332385874e+02,1.955942967765134881e+02,1.899146697901762479e+02,1.436565794476931046e+02,2.022656556205907918e+02,1.281491191854631495e+02,1.566251632777683938e+02,1.467726399502336960e+02,1.831562468322843813e+02,1.813885296869133867e+02,1.648189542699142862e+02,1.726337669539568935e+02,1.883170634246056920e+02,1.657024854393532394e+02,1.368360290605859007e+02,1.502923862902291603e+02,1.309711474867616232e+02,1.484409111324615367e+02,1.653332842338966202e+02,1.819866888295935041e+02,1.707430662582931973e+02,1.760592607181100107e+02,1.258276422518025726e+02,1.659091667473611551e+02,1.614250237619204995e+02,1.648342083326003547e+02,1.643817476122495691e+02,1.118749728006974351e+02,1.920059001181088831e+02,1.630457638944279495e+02,1.384052815082166035e+02,1.618274513141222712e+02,1.569811136191602827e+02,1.461033967740756623e+02,1.743372251749163695e+02,1.411342681205469773e+02,1.513791742602762724e+02,1.619805045325479114e+02,1.780943337737209902e+02,1.609400750963613973e+02,1.326026098219431049e+02,1.550728300394287658e+02,1.587558446064577424e+02,1.625393937862430960e+02,1.646607750519611102e+02,1.492751342713831093e+02,1.688159433484422038e+02,1.385007336211541258e+02,1.641949404033458677e+02,1.557734906405876814e+02,1.473543771534988025e+02,1.242995914256156311e+02,1.728349419967875633e+02,1.868953750790279571e+02,1.830225447478353829e+02,1.422530207758773599e+02,1.816013017183940690e+02,1.530054888160694873e+02,1.435032438104142898e+02,1.732186375592323770e+02,1.650410350416255767e+02,1.759577434657548736e+02,1.577581358084271415e+02,1.797876242453054658e+02,1.680372995828401201e+02,1.750319181801926050e+02,1.774720913750126670e+02,1.796166280189251552e+02,1.761406292291046896e+02,1.689445120334268893e+02,1.423790264270577950e+02,1.944223105002163834e+02,1.511905227625641146e+02,1.675527662301654459e+02,1.321946434262600860e+02,1.322375123999934772e+02,1.645852081659307657e+02,1.829784780887662805e+02,1.759407439939236042e+02,1.699281582376594315e+02,1.501272043658528901e+02,1.505764873529905685e+02,1.696923451705024490e+02,1.321651607360868184e+02,1.695788611470571539e+02,1.838776347256433041e+02,1.687637449403538028e+02,1.733618983036986094e+02,1.550632208565498615e+02,1.670555172911793420e+02,1.306792718519020298e+02,1.546580925217114384e+02,1.506521038133027730e+02,1.656287572862676143e+02,1.698209570962842179e+02,1.764097854924963826e+02,1.941676422936476456e+02,1.912442261955369247e+02,1.722015798059041458e+02,1.675512656744968183e+02,1.258447998211400432e+02,1.869746537679186247e+02,1.726197668806906336e+02,1.622748663812006100e+02,1.537342481892430612e+02,1.787735827745771644e+02,1.431412456919315161e+02,1.693694075339305414e+02,1.354692892988902884e+02,1.613217913014858595e+02,1.312168568309424472e+02,1.442914841593679967e+02,1.665614959588861268e+02,1.601179389823309407e+02,1.714103585245167096e+02,1.772314429786264327e+02,2.025892299099258480e+02,1.433570497743854162e+02,1.398550476378115945e+02,1.725845402628768852e+02,1.377444472960477810e+02,1.957785280258881926e+02,1.984335203508795189e+02,1.813289070443275364e+02,1.564453890657643456e+02,1.635138377516474293e+02,1.844517979958311003e+02,1.879165027005049353e+02,1.457927070020522535e+02,1.738699770564492724e+02,1.685664871893306724e+02,1.676803093209741462e+02,1.693063495481199823e+02,1.576958720740988156e+02,1.867229286309033398e+02,1.342401885369815489e+02,1.745964542786256857e+02,1.826965520858624643e+02,1.678898188296912508e+02,1.663602126540681638e+02,1.487803513303382772e+02,1.595335234283705290e+02,1.662538553218969923e+02,1.776732379759268383e+02,1.779866247687941154e+02,2.197043203513382252e+02,1.362881967287664509e+02,1.672346802692555059e+02,1.448662999847660160e+02,1.582188321950491172e+02,1.532670947234117023e+02,1.685306298017609947e+02,1.851995265422167449e+02,1.465136085271330160e+02,1.774596703345159767e+02,1.674218737880008234e+02,1.436037677708420404e+02,1.528532338252150566e+02,1.461548697778584653e+02,1.548544789633149605e+02,1.611977119289407767e+02,1.331996995225765374e+02,1.480679340232960328e+02,1.529887671938877531e+02,1.838062999297060003e+02,1.553506349960051125e+02,1.762504296277703588e+02,1.616209071264520389e+02,1.633082740442017666e+02,1.816660374331434582e+02,1.876503762090495684e+02,1.661020385533017247e+02,1.731465903129216599e+02,1.825311877037847239e+02,1.524356166295293917e+02,1.139128248764275497e+02
1.502238528939645903e+02,1.836853461493949453e+02,1.954605213228488481e+02,1.666633410881974271e+02,1.804462539615450964e+02,1.709953149276110480e+02,1.857788255186035542e+02,1.685595125465895308e+02,1.804439746770711110e+02,1.385706357385937508e+02,1.664513104174691023e+02,2.044433043862465524e+02,1.936366538390135759e+02,1.878495847349293513e+02,2.043717602817222598e+02,1.748007078007559869e+02,2.072403200176030680e+02,1.763111063888430010e+02,1.776828562991422018e+02,1.770962469736793992e+02,1.835529583066091277e+02,1.842464188974659010e+02,1.945967728020023060e+02,1.746262465247147873e+02,1.685011460632357227e+02,1.768175709604484780e+02,1.792763328393840254e+02,1.848685649318639719e+02,2.076027561715284833e+02,1.967608597634819887e+02,2.301577099975163492e+02,1.582308542422883306e+02,1.905399673434872057e+02,2.029581489455232770e+02,1.960084728290220539e+02,2.074794642280243977e+02,1.919036268897958735e+02,1.572454045984306390e+02,2.018011393407639389e+02,1.841162202660025002e+02,1.904618387879676220e+02,1.811960732211723553e+02,1.721335186988167152e+02,1.955409958765939678e+02,1.601308303812675149e+02,1.952954618000804032e+02,1.879357682308571782e+02,1.589054937462561554e+02,1.700967213813426042e+02,1.982882933774271237e+02,1.841365618381819047e+02,1.939740629329778301e+02,1.589559007451663888e+02,2.283799557337855219e+02,1.941172866942135897e+02,1.901828118495340618e+02,2.080127591815324308e+02,1.996883842861072367e+02,1.808761766483729616e+02,1.889758143188655879e+02,1.936509945451830390e+02,1.569429018988473388e+02,1.944436624121555894e+02,1.855915323526866132e+02,1.713975420751271486e+02,1.665649981155561647e+02,1.965935166623850989e+02,1.762295136062710696e+02,1.729817314520264233e+02,1.791462534809442388e+02,1.950120704681776260e+02,2.011439651096107468e+02,1.939499068797398706e+02,1.652847390207280398e+02,1.999320821128764010e+02,2.020547455252019518e+02,1.868236303081028780e+02,1.859085277606832278e+02,1.782214874368765720e+02,1.922775641973245797e+02,1.988628129350139204e+02,1.683121503351588899e+02,1.648066932861680982e+02,1.581997143720070653e+02,1.775046341824940157e+02,1.562588730085049065e+02,1.476551204209625325e+02,1.329947110421939840e+02,2.116664811893433011e+02,1.740296632315703960e+02,1.901981006339932776e+02,1.584814193480256961e+02,1.667841184464271578e+02,1.803677000241212625e+02,1.746947862452562958e+02,1.915345066959464759e+02,1.907403877638204506e+02,1.825209714050195089e+02,1.868264284218165301e+02,1.745140637683395539e+02,1.674149478395480912e+02,2.189623385166242144e+02,1.775293029769256066e+02,1.893431651277362278e+02,1.778189459050333880e+02,1.445166006164674002e+02,1.896720543838767128e+02,2.107874544112711703e+02,1.773174859041112938e+02,1.650421011307035428e+02,1.649255842638468721e+02,1.933436750733515055e+02,2.122325575004805103e+02,1.917627391714796943e+02,1.982890410698898336e+02,1.685234587937749779e+02,1.761365979258771972e+02,1.895297560573839917e+02,1.621551520120519854e+02,1.976066807117363737e+02,2.006207967485365771e+02,1.639855013977677061e+02,1.764897250492451519e+02,1.848346055173466311e+02,1.914139903812470891e+02,1.895935958430944481e+02,1.691373906332532897e+02,1.599598273068918672e+02,1.897381781480114569e+02,1.774910465308088874e+02,1.977673192172373149e+02,1.938919184328864276e+02,1.901534189456669424e+02,1.846132730125268040e+02,2.114618034452333291e+02,1.542570875588791637e+02,1.752910486330027027e+02,2.104568597473169120e+02,2.160232765133208090e+02,1.669954072924602428e+02,1.803780861959031370e+02,2.079672545203781340e+02,1.829320761137204272e+02,1.867146307460269554e+02,1.926962287917209835e+02,1.538251846570991859e+02,1.828385124617729502e+02,1.949654660399965564e+02,2.000529959209699200e+02,1.778040024542403046e+02,1.598662341505982454e+02,1.910102174419770336e+02,1.847667684180211722e+02,1.584462870238563710e+02,1.680522538873010774e+02,1.641916327216842433e+02,1.840509444924891795e+02,2.255330575297783184e+02,2.004905560460774723e+02,1.515938261774770126e+02,1.869173733797933892e+02,1.809613444868319050e+02,1.866462357270295058e+02,1.686038567396697658e+02,1.854995743801090100e+02,1.834817395088064416e+02,1.564201675923688413e+02,1.855327131254093160e+02,2.062990033930941820e+02,2.000129891331746990e+02,1.758654980851005121e+02,1.929964028505263514e+02,1.949710785961408988e+02,1.839635466617736768e+02,2.175687150684021276e+02,1.769417610179764040e+02,1.795202133145531036e+02,1.849609863912202457e+02,1.799298080584416937e+02,1.742570087226810926e+02,1.702872023127824832e+02,1.843248162898322278e+02,1.470337016456511776e+02,1.506761506273602151e+02,1.665534791536365731e+02,1.962698623495818993e+02,1.818165665829441480e+02,1.920924415900608153e+02,1.828862367208996034e+02,1.885530186343344212e+02,1.908075609853787569e+02,2.028170753310227497e+02,1.803679726833140364e+02,1.825041506650845520e+02,1.881885322186641929e+02,1.631122487144665172e+02,1.533045629513775623e+02,1.721739821637069952e+02,1.706595596783485291e+02,1.911538402284589324e+02,1.784913007115434311e+02,1.852129468188590238e+02,1.921601025989858158e+02,1.720798169011137304e+02,2.038875908941926411e+02,1.890999061289724636e+02,1.591044177783039970e+02,1.759310260902794880e+02,1.705279875428485070e+02,2.000601557430191235e+02,1.854508744842009094e+02,1.693026769029806644e+02,1.752489353199353275e+02,1.716149988169275957e+02,1.990280034515169518e+02,1.816447515411103097e+02,1.688054057109783344e+02,1.703303844592927305e+02,1.914274546808157140e+02,1.968353864663633601e+02,1.843357185133354790e+02,1.797318098554641495e+02,1.791604103572904023e+02,2.071805999892234809e+02,1.824811719763858662e+02,1.893579383971018046e+02,1.600096172665855647e+02,1.545396639741313720e+02,2.014422423416261552e+02,1.891409769245460950e+02,1.614251637615891468e+02,1.685717260550394201e+02,1.745802076376291723e+02,1.641994404141042878e+02,1.657180287919788952e+02,1.901726519969913909e+02,1.633004494644880253e+02,2.169202808590847837e+02,1.656652456844018957e+02,1.659383778075439864e+02,1.890701826172245603e+02,1.782548450366079749e+02,1.718468623389859431e+02,1.783180479936320069e+02,2.034170298225284057e+02,1.769358244406635094e+02,1.869610096297608948e+02,1.528395871746932073e+02,1.748626518061237221e+02,2.218331705910097185e+02
1.724552404197719966e+02,1.750979113927699871e+02,1.434582620040549727e+02,1.538195611834317162e+02,1.622915739911858282e+02,1.469057557521959154e+02,1.471379283673297778e+02,1.431525163034507386e+02,1.520260265483353805e+02,1.578841352342532218e+02,1.782318772793740607e+02,1.094574637443921290e+02,1.528326050749025171e+02,1.772842184900606242e+02,1.571080789271056801e+02,1.555548840572579934e+02,1.675167166134425827e+02,2.178174617198993985e+02,1.639551769690182539e+02,1.961038432221793357e+02,1.862297456601627630e+02,1.766886298700806890e+02,1.730869587864814036e+02,1.634563326948529323e+02,1.558240490705419745e+02,1.367700857894899968e+02,1.252983387035014431e+02,1.511786146191781484e+02,1.331133529925211860e+02,1.455264367990747871e+02,1.564103830483358024e+02,1.815680565502787545e+02,1.512025347445859040e+02,1.594430597773131524e+02,1.631494441663732289e+02,1.208488520150078642e+02,1.542957345015425403e+02,1.612577245029001176e+02,1.533684397450006713e+02,1.501619410265180932e+02,1.515850587728738788e+02,1.709190469596321691e+02,1.803829895336600373e+02,1.503528285754229046e+02,1.510765859771444468e+02,1.376108665500582333e+02,1.393092462847415902e+02,1.483611707884975033e+02,1.638047402875262151e+02,1.752161459076826304e+02,1.833097948062207081e+02,1.442886721225438293e+02,1.652254054610956757e+02,1.500816104965570048e+02,1.428551820285881604e+02,1.841032407583703048e+02,1.509961967256820117e+02,1.421689836889901812e+02,1.618710164392471711e+02,1.398527892629990390e+02,1.827116727651861083e+02,1.543147442753765688e+02,1.725484582557994884e+02,1.334040647070000318e+02,1.630115264737021334e+02,1.545574070914160814e+02,1.883096180398098909e+02,1.314039293269466668e+02,1.392947339017731281e+02,1.434468659659897867e+02,1.797210777904980432e+02,1.322119231531549985e+02,1.584112591192637183e+02,1.448211044471515834e+02,1.521702851276218951e+02,1.760951726728440860e+02,1.356874058615856313e+02,1.294818898981158668e+02,1.451493120501699252e+02,1.378315316642734842e+02,1.385578131577434249e+02,1.751561693494373912e+02,1.542180914050269109e+02,1.665554102043211628e+02,1.492165281089945665e+02,1.796966156700965200e+02,1.408447271252697135e+02,1.822972992923749302e+02,1.619796725557575030e+02,1.625339676092814614e+02,1.512414120761615095e+02,1.621784112983146144e+02,1.436960647423696855e+02,1.859073457448051272e+02,1.450505868908193463e+02,1.747210000255902571e+02,1.509446982253017495e+02,1.614902824534673869e+02,1.591606101450764470e+02,1.627565461440434547e+02,1.712394987500018146e+02,9.051239132227453865e+01,1.606091784647226746e+02,1.313549450580306086e+02,1.593549062617893810e+02,1.655281185270893047e+02,1.664111689167347947e+02,1.480691044663016100e+02,1.458929284892435305e+02,1.375047938620099330e+02,1.394278600742369747e+02,1.184657141807880407e+02,1.712222535874878986e+02,1.279835486245598872e+02,1.380680847202583550e+02,1.409148064269726603e+02,1.470746681114238754e+02,1.517735641149957360e+02,1.673956256559029043e+02,1.421687011553077298e+02,1.744406232078085282e+02,1.502999124047416615e+02,1.511114493538507304e+02,1.549157788889536107e+02,1.479968609494719090e+02,1.406186780459823922e+02,1.751911036166300164e+02,1.498892770494070135e+02,1.564330020449119729e+02,1.596303029051697138e+02,1.614555713312793728e+02,1.236223292171665804e+02,1.649026903598459626e+02,1.520024230342903309e+02,1.495705125497419203e+02,1.433815116411647921e+02,1.536114945255174575e+02,1.722230518539560080e+02,1.479768774301647056e+02,1.580715317128055233e+02,1.297500496424479195e+02,1.573085838549757796e+02,1.244789122019395080e+02,1.718097247868751367e+02,1.214392584540279927e+02,1.809414101096602394e+02,1.770150792791058905e+02,1.344094298075787890e+02,1.410028355675499370e+02,1.551217775375222345e+02,1.513499726078707397e+02,1.428823705245888789e+02,1.565202826162205554e+02,1.551551954625258531e+02,1.458150004069939598e+02,1.361568105413983574e+02,1.417502816671917003e+02,1.261657403722312836e+02,1.495738266696126573e+02,1.408818219022013523e+02,1.452937011940265108e+02,1.701440928994307171e+02,1.531346232249454431e+02,1.507410349033404486e+02,1.610280202179844196e+02,1.505748843322890309e+02,1.602917704345174172e+02,1.666081146792810159e+02,1.658446002005653952e+02,1.773119950499622348e+02,1.557825024819292423e+02,1.793778170341379337e+02,1.733186882008580483e+02,1.401749853606408465e+02,1.189150631646535743e+02,1.638167946255926495e+02,1.628015336654040084e+02,1.811132225713234618e+02,1.642239741890519156e+02,1.521110820660231013e+02,1.328863788076881178e+02,1.515812062844720742e+02,1.554519811029013852e+02,1.354407990157718586e+02,1.412619461790936271e+02,1.555457787436800743e+02,1.512718425787349474e+02,1.431013292891201729e+02,1.552145107897585206e+02,1.539971748489936090e+02,1.561205773736060394e+02,1.524079309144644014e+02,1.658364014151492256e+02,1.824814404051622887e+02,1.314289218709037925e+02,1.430082636836714585e+02,1.801565432432337559e+02,1.590272538108349920e+02,1.594566144635531657e+02,1.491853981558094802e+02,1.883561830795603100e+02,1.674615016065717157e+02,1.194010610598710969e+02,1.504606954252802211e+02,1.678358629683955883e+02,1.328274548949690370e+02,1.632445476704697569e+02,1.412467091018548331e+02,1.847475885453500268e+02,1.683008965196637803e+02,1.648444592512862243e+02,1.769484685078240318e+02,1.526258949487016707e+02,1.498932482342317201e+02,1.612737937208478911e+02,1.608894072635071097e+02,1.565450121314302407e+02,1.721384783323130989e+02,1.648538931612453666e+02,1.753416424725843683e+02,1.029532827421323873e+02,1.678625644731334887e+02,1.530057031124152616e+02,1.468806243668166189e+02,1.519899146622732928e+02,1.899417205234131529e+02,1.472841058854964729e+02,1.522075041333074239e+02,1.426661453270301934e+02,1.545589960276942918e+02,1.468787802333837078e+02,1.687194183113703048e+02,1.472509205739811478e+02,1.476469970543099066e+02,1.457441370970985588e+02,1.131339984711587476e+02,1.908639015424401748e+02,1.404750029860246343e+02,1.609663585492082234e+02,1.453977353883345813e+02,1.546724760701755201e+02,1.286598805422208329e+02,1.602295334033464371e+02,1.549934788915239210e+02,1.500871563927725276e+02,1.774746590061020868e+02,1.592248272866776801e+02,1.534051166466656753e+02,1.617192735808412465e+02,1.273164000449474145e+02
1.369109807337561620e+02,1.568457835918993624e+02,1.664296784782815450e+02,1.380779605312109481e+02,1.322612884121043066e+02,1.421637414075680113e+02,1.324830916516673938e+02,1.516794776627375825e+02,1.527865588003755306e+02,1.632459957985255983e+02,1.299449538033700833e+02,1.512655120139829990e+02,1.712609781003149862e+02,1.678091625101516513e+02,1.725657155349617540e+02,1.692061797102142577e+02,1.513382259316158809e+02,1.239255433869667939e+02,1.539755808131910442e+02,1.396291109755350988e+02,1.586046251723337832e+02,1.497502626171082909e+02,1.234281824652626085e+02,1.730140407155593323e+02,1.569059862004873196e+02,1.531612810456434488e+02,1.629827119720996222e+02,1.463281417006293736e+02,1.440884291975162341e+02,1.281821105171410693e+02,8.527032730575574249e+01,1.647420712450978328e+02,1.745977128429827587e+02,1.648251859888812021e+02,1.552690433845932887e+02,1.575590010750328815e+02,1.395742452625031831e+02,1.419599568525333666e+02,1.637741125735943797e+02,1.480661392780091035e+02,1.673664191103585495e+02,1.457035750306176567e+02,1.511120905499775802e+02,1.468783376250732999e+02,1.455635432363118866e+02,1.770088920642793937e+02,1.398392599901924598e+02,1.456121698074068433e+02,1.439210588401770679e+02,1.731870894890625436e+02,1.537904490996743618e+02,1.701981035236818798e+02,1.315826652003150912e+02,1.907236287432205586e+02,1.692747746628113248e+02,1.664655700073566038e+02,1.630763820509453126e+02,1.604858920911975133e+02,1.218843914963287602e+02,1.263501354176396916e+02,1.168556069567180771e+02,1.615075702474145203e+02,1.459798338267287079e+02,1.588667150391285929e+02,1.370940964085833969e+02,1.321503560746580206e+02,1.481524161734920142e+02,1.151593913877025130e+02,1.562297287360403573e+02,1.555128054120501133e+02,1.680537811691759771e+02,1.352915708010310141e+02,1.387822383468123917e+02,1.348242353275428798e+02,1.704899126006599772e+02,1.860828591623361206e+02,1.475637497515776602e+02,1.564503734052299535e+02,1.460116934347649078e+02,1.450849283582695080e+02,1.496009221548225412e+02,1.689368950984597006e+02,1.401646854459776250e+02,1.236960188302090557e+02,1.550307491242345748e+02,1.301977220301340594e+02,1.443598398237146512e+02,1.315468528462096458e+02,1.446232931885265884e+02,1.188820674131572588e+02,1.473343058835455679e+02,1.613210190077988386e+02,1.316847061477191971e+02,1.611854595736039073e+02,1.251989333650279832e+02,1.549387850383076852e+02,1.196362946374971017e+02,1.652163789943718939e+02,1.464786918871278942e+02,1.443591466585270098e+02,1.339411515035708646e+02,2.071852184111772885e+02,1.834151854862053312e+02,1.552714887699024757e+02,1.506444312219402661e+02,1.156285139025051478e+02,1.561712228879609086e+02,1.566672471057983387e+02,1.342724512256744447e+02,1.361948299918119005e+02,1.508254080914534825e+02,1.594028941305765841e+02,1.576582934392641846e+02,1.581843786766015114e+02,1.442178772426764795e+02,1.318461500479354243e+02,1.948187564903034570e+02,1.563989813829017805e+02,1.599456483532479183e+02,1.559479972032507078e+02,1.518812209377907436e+02,1.504251615595046587e+02,1.343181620034510217e+02,1.507406083125278826e+02,1.358510741972308153e+02,1.658003394774221135e+02,1.516185284880897370e+02,1.704458664428942996e+02,1.451738568358895805e+02,1.520329451521494377e+02,1.550651912899436695e+02,1.468072568092964616e+02,1.618565994459172828e+02,1.604160416141733663e+02,1.712654913585170107e+02,1.621545113604779260e+02,1.535246967172708423e+02,1.335097817358939949e+02,1.765358245319527271e+02,1.398711768352052900e+02,1.666001375530559017e+02,1.742684113893503195e+02,1.737647906187007720e+02,1.469192456522992245e+02,1.441046336813859057e+02,1.565156396799487482e+02,1.125679300369807692e+02,1.589182600152695386e+02,1.469607778123891819e+02,1.462185035311059949e+02,1.722605818075725779e+02,1.694548111760665563e+02,1.516647225319911740e+02,1.543671762982728239e+02,1.505877009777617843e+02,1.422547607427308378e+02,1.441995969940323050e+02,1.549765671091659556e+02,1.499295128474925605e+02,1.610765072856560778e+02,1.786827983349333522e+02,1.453898601320784678e+02,1.538984939570415236e+02,1.454180435675698959e+02,1.519657904189542421e+02,1.689459499922164980e+02,1.270267193788339881e+02,1.553978603959839688e+02,1.860138578135671992e+02,1.557409213446184992e+02,1.442093112632014709e+02,1.617231103777816656e+02,1.587396562823576289e+02,1.497995743312723960e+02,1.213221478182551607e+02,1.560172994367086972e+02,1.497388407803297810e+02,1.441160041834745584e+02,1.356788424534424280e+02,1.429188824780530069e+02,1.343427825331193617e+02,1.538828905952601929e+02,1.403417494284213092e+02,1.625727998730042714e+02,1.327874791349311465e+02,1.584122875616946544e+02,1.456721355729251570e+02,1.300223314343200229e+02,1.652536419674076171e+02,1.838045140589822779e+02,1.604703976802240675e+02,1.615469048952914761e+02,1.354434634232318047e+02,1.255177445148839297e+02,1.875193226314251262e+02,1.305595035516420239e+02,1.791785155355445625e+02,1.473964747686568728e+02,1.684065416911582247e+02,1.569063412228484253e+02,1.394777696807879863e+02,1.403426953983136798e+02,1.351293292175594161e+02,1.464446735130860020e+02,1.568198039497331990e+02,1.590081025923420555e+02,1.543980727546733362e+02,1.549239057852274470e+02,1.612955370612519914e+02,1.580303303190591748e+02,1.382096640883555381e+02,1.323067122789596226e+02,1.710381834163906092e+02,1.429734853101351462e+02,1.629221147804012730e+02,1.441217673106891084e+02,1.483510848037119843e+02,1.676962092224589469e+02,1.553973029431735142e+02,1.656735485463542261e+02,1.861124724810399016e+02,1.537106761882257331e+02,1.374173961389374199e+02,1.553296928778836445e+02,1.498522303040309964e+02,1.259524028842996302e+02,1.301999930614420293e+02,1.650112329676097147e+02,2.004950440240038176e+02,1.440434581682281703e+02,1.555528790535521182e+02,1.805507673209189932e+02,1.475058222067664246e+02,1.396453709846250604e+02,1.830059317116500495e+02,1.691647449868768831e+02,1.286332840936052548e+02,1.494972795667349317e+02,1.601997661900344667e+02,1.500533349599370752e+02,1.575269727126621717e+02,1.469004552125666692e+02,1.748099112145972924e+02,1.349042156819882052e+02,1.398466537799984621e+02,1.310795919288237315e+02,1.728437836565636587e+02,1.451374095512623228e+02,1.403300190767678259e+02,1.448927688102164666e+02
1.493401709371656523e+02,1.386598258699615087e+02,1.354845229199983407e+02,1.473552727598334684e+02,1.173547301554074380e+02,1.332701190406303340e+02,1.174158862693533223e+02,1.447508678275966929e+02,1.076262819183800872e+02,1.247662554349240338e+02,1.253042569384354579e+02,1.563160637697095865e+02,1.520093885447104185e+02,1.160658258281453783e+02,1.477303274844400960e+02,1.469918864167984225e+02,1.394269597010627990e+02,2.001733893135352105e+02,1.443378359974499290e+02,1.639038056233549696e+02,1.427385850810376837e+02,1.239120706478355487e+02,1.617170347391346468e+02,1.322293976008493246e+02,1.313892938022572991e+02,1.387153308425939713e+02,1.302854393586818560e+02,1.615687996377578202e+02,1.721577324304258809e+02,1.357847676954458507e+02,1.782982167270062632e+02,1.661118970904784078e+02,1.250484273505234398e+02,1.543037167938992980e+02,1.208050862585008645e+02,1.244114095921999308e+02,1.477431452727129226e+02,1.475920280449414861e+02,1.677641348434449640e+02,1.541375245765518116e+02,1.669657889562286357e+02,1.594151380229859001e+02,1.566302953062341032e+02,1.362712062665739552e+02,1.474159313313846553e+02,1.358945199188284221e+02,1.397559276903331238e+02,1.247747537827170845e+02,1.594020528044787568e+02,1.612234301315739629e+02,1.546641898209780095e+02,1.467370514896887528e+02,1.600820103215404799e+02,1.360626770373523016e+02,1.252854870194758377e+02,1.588980452695417114e+02,1.503676469463403009e+02,1.305600190825332163e+02,1.259538944659798005e+02,1.502257743662190137e+02,1.854774953356121614e+02,1.227973218380082869e+02,1.565329338436413309e+02,1.472686206298308207e+02,1.287846828469685647e+02,1.434575060245241787e+02,1.421267507750729067e+02,1.284783054334519932e+02,1.551362204850924229e+02,1.659467237907787478e+02,1.637333160780003993e+02,1.403974843720809815e+02,1.380597622539760607e+02,1.215482308600554546e+02,1.255188350911377313e+02,1.670370317890754848e+02,1.470563816778578143e+02,1.483278877270729197e+02,1.504147199168318707e+02,1.119021763732184525e+02,1.355126301613988176e+02,1.340302366996569390e+02,1.574153435989617265e+02,1.584009152557653124e+02,1.289593214011431428e+02,1.653706800683891345e+02,1.351381901447392977e+02,8.655890471558709010e+01,1.477250451389880936e+02,1.721086114799694542e+02,1.674382868498041432e+02,1.358874839272650377e+02,1.445216750857306636e+02,1.495529813173212403e+02,1.465147903884897289e+02,1.590064846935979119e+02,1.065473806639825796e+02,1.552821030133313798e+02,1.455699770121366896e+02,1.357804559389211079e+02,1.048995869528641975e+02,1.161372739252470865e+02,1.369323549139467957e+02,1.268883647696445678e+02,1.319233395255349706e+02,1.396457052175215949e+02,1.629664507615864011e+02,1.548965941523247523e+02,1.317856364135160163e+02,1.282991750392858137e+02,1.455513723895808198e+02,1.569821286030249610e+02,1.531197698380982501e+02,1.309095627648969185e+02,1.592521699344185322e+02,1.284604735305351255e+02,1.353035252841910960e+02,1.577819620126704763e+02,1.489086132549342949e+02,1.458867026496650965e+02,1.048654865018365001e+02,1.106471835502828753e+02,1.405933744729150590e+02,1.082272184427004618e+02,1.192954392493090126e+02,1.456722094641309013e+02,1.750746071147491421e+02,1.527914294444986467e+02,1.436235572354794954e+02,1.280633809639241747e+02,1.361644389341001329e+02,1.253717313520995020e+02,1.574049769368844522e+02,1.115255940143933486e+02,1.508525429510192168e+02,1.363265497296870024e+02,1.314221846967906231e+02,1.318951335769814648e+02,1.706392789992628423e+02,1.338027272780442729e+02,1.083745441936786591e+02,1.753351779435127753e+02,1.327927167243356905e+02,1.434109484727185020e+02,1.411694801780567161e+02,1.513986146428857751e+02,1.415208316316784192e+02,1.427688586617818203e+02,1.550626554964860588e+02,1.222265732783849899e+02,1.220459022349267855e+02,1.432461510549565844e+02,1.204989881363973723e+02,1.197780459403936959e+02,1.221822655393938959e+02,1.279634182735015742e+02,1.369286566946199173e+02,1.346106620744003806e+02,1.407176386255603120e+02,1.155195134048059629e+02,1.384886488335428112e+02,1.440011188309371732e+02,1.337658393883687040e+02,1.308391827229806950e+02,1.313700675922964365e+02,1.466538709955812578e+02,1.425733599870023625e+02,1.415986587258904024e+02,1.401399542816541555e+02,1.567683983262177492e+02,1.768865577760933263e+02,1.480245810735611656e+02,1.477664149891336081e+02,1.219239361425626811e+02,1.068082408209609042e+02,1.274582969692589529e+02,1.349647238639219324e+02,1.586918340300030366e+02,1.468178142082859097e+02,1.544210823437317401e+02,1.240993081273491754e+02,1.360434259463165461e+02,1.159956084000301928e+02,1.198957033290623571e+02,1.237323172321176656e+02,1.613184200996657296e+02,1.270399874035313559e+02,1.584926210074177106e+02,1.297624099694546089e+02,1.475417748434592795e+02,1.260282039388677475e+02,1.374135890308090779e+02,1.845944904934190447e+02,1.471441404883402413e+02,1.333350052928204263e+02,1.758853791801306272e+02,1.424905028382765693e+02,1.369116916498695105e+02,1.394523636062055800e+02,1.408642008173072213e+02,1.390672940622215492e+02,1.499558658374754145e+02,1.555151248021983008e+02,1.472060445813128808e+02,1.891134757425120654e+02,1.645415980962789888e+02,1.508428959070519966e+02,1.351453765724201048e+02,1.399351075286310220e+02,1.731447945858105868e+02,1.522286863064783802e+02,1.724480451316801179e+02,1.549505619915576347e+02,1.666912486464133565e+02,1.332421645555107830e+02,1.317773885665957039e+02,1.195506651160468437e+02,1.382825684552913685e+02,1.413722251619534802e+02,1.649855644265357455e+02,1.567998274450773408e+02,1.504404646418056188e+02,1.284320468636068711e+02,1.337722293276877679e+02,1.375968540593476632e+02,1.332216718715802131e+02,1.548020372627490815e+02,1.167363305644447564e+02,1.414454991398259835e+02,1.383752923818130114e+02,1.318500278593060102e+02,1.589928531908963407e+02,1.302212504103362392e+02,1.586400796100175228e+02,1.126445710289711144e+02,1.227374981625677606e+02,1.143161136829672131e+02,1.234704505687674185e+02,1.457082550523828672e+02,1.198334289208342227e+02,1.521800686346455223e+02,1.506664582987699532e+02,1.463288107702627769e+02,1.449614262268749769e+02,1.513306107392246247e+02,1.741245044188794111e+02,1.665155742636003140e+02,1.496288688641082842e+02,1.515756005878990607e+02,1.224931672826527489e+02
8.434952219476795676e+01,1.542057411861784146e+02,1.170138958350633800e+02,1.156732788756035859e+02,1.210731891042272679e+02,1.193981406741437752e+02,1.238439281287744933e+02,1.290268454704927024e+02,1.336973607797962700e+02,1.076298569356608539e+02,1.340675198118227911e+02,1.416116568657391781e+02,1.258631002587836747e+02,1.283249552844092705e+02,1.467574668136938385e+02,1.164430623624124479e+02,1.172015323505914779e+02,1.093363211884346953e+02,1.136790552113666024e+02,9.142000390835505641e+01,1.257625044513814601e+02,1.402966097142694935e+02,1.187614749692042722e+02,1.358033192558741575e+02,9.886475700501360109e+01,1.122895177214844438e+02,1.225045589860687443e+02,1.222715691645551743e+02,1.084900871614980247e+02,1.139149707818900339e+02,1.082109163252462878e+02,1.292059332876737017e+02,1.162168782913837788e+02,1.535740191590055019e+02,1.153694495158034385e+02,1.140185788783490608e+02,1.330259061344809481e+02,1.488000012529573155e+02,1.152790077720448352e+02,1.188402102626844083e+02,1.222879527513444629e+02,1.372570603008327623e+02,1.495326749710463332e+02,1.207537002043562779e+02,1.191071533372085156e+02,1.231863561933405151e+02,1.350487901330560305e+02,9.525810157021160762e+01,1.335031340284781152e+02,1.232959793779253204e+02,1.154252675424195616e+02,1.297050548228714320e+02,1.130535738239845927e+02,1.207007223106810869e+02,1.128943554062880423e+02,1.162423891975682011e+02,1.299600449088890457e+02,7.756987760337345605e+01,1.239269583619643242e+02,1.264179757021060198e+02,1.174484309112633582e+02,1.434607397195291014e+02,1.250004122213502171e+02,1.107138607402908974e+02,1.033045764280231111e+02,1.225322520082399222e+02,1.421463578076248666e+02,1.233612268602049937e+02,1.185480143178847925e+02,1.429246686113338569e+02,1.363057543039010397e+02,1.199551131712029104e+02,1.258915172552068071e+02,1.207481513551240084e+02,1.562005355113579981e+02,1.362440829545842007e+02,9.322647784161348739e+01,1.058683451366024286e+02,9.653874697808764438e+01,1.238590081052788889e+02,1.123013746560679920e+02,1.295565778451739050e+02,1.206632042374052247e+02,1.250836129872074309e+02,1.634684162163316898e+02,1.191329462887034225e+02,1.457091468875604789e+02,1.534014312555622439e+02,1.432900826681377282e+02,1.303352373083404814e+02,1.366073228744397738e+02,1.238084487556345863e+02,1.052543936980279682e+02,1.449658481153959713e+02,1.394718840653213476e+02,1.322250474108646756e+02,7.913393885474566503e+01,1.182937053861027863e+02,1.074553519079049977e+02,1.207974815952817664e+02,1.396818425192827249e+02,1.269756837761574104e+02,1.424898228606579380e+02,1.341302298569279117e+02,1.233781359493990948e+02,1.383298457592816533e+02,1.261407576344735162e+02,1.412515409849992807e+02,1.151059402318937543e+02,1.064076942427156496e+02,1.273350629457075769e+02,1.292960428004310813e+02,1.206987939681394124e+02,1.279502256135481275e+02,1.082089187896659155e+02,1.222992298482326419e+02,1.264738711326475453e+02,1.421597786523287823e+02,1.271577605169127025e+02,1.047421163060716935e+02,1.390484415691737468e+02,9.721942533375603546e+01,1.162834238813161960e+02,1.106368916180281019e+02,1.373050686470076300e+02,7.464190764873630712e+01,1.579305947883973715e+02,1.276802838720721667e+02,1.004416892086990742e+02,1.273568407473564150e+02,9.921237086359604973e+01,1.392957540547706685e+02,1.450479295979968128e+02,1.323720495843929541e+02,1.266798935822816361e+02,1.297799978899406597e+02,9.862568132369909790e+01,1.161801626560981759e+02,1.354167230914204652e+02,1.380506414997222748e+02,1.320309992953486358e+02,1.463231190248942539e+02,1.366499209112332949e+02,1.351278440129522664e+02,9.943629578247136180e+01,1.042585800331751784e+02,1.211678747125376248e+02,1.241967147605682698e+02,1.234048097201339544e+02,1.227828208988188123e+02,1.267125881220385679e+02,1.392200512268515524e+02,1.756688759344093285e+02,1.357211672465209915e+02,1.328046373336117085e+02,1.179601856152010697e+02,1.052164740515532912e+02,1.419431915682339991e+02,1.325046382236605496e+02,1.387586578966375725e+02,1.358892944789549517e+02,1.452207234487196672e+02,1.294666745094794180e+02,1.328516785141267178e+02,1.488252353610411944e+02,1.235168625464373093e+02,1.043676447220748855e+02,1.251414615479034040e+02,1.356428412579653298e+02,1.459956700540132317e+02,1.294433833759885033e+02,1.452697536057008278e+02,1.254095905528759545e+02,1.346068810759861378e+02,1.208648486835341203e+02,1.290636518078264885e+02,1.151440788662090000e+02,1.219184649093928812e+02,9.532675535811858936e+01,1.166376957940538830e+02,1.316572840494317518e+02,1.180665223997312694e+02,1.276906782770352891e+02,1.384270841360120130e+02,1.093300171083972288e+02,1.520010669301925930e+02,1.404407521863739987e+02,1.272769090585820067e+02,1.538675630509193297e+02,1.640020569758184763e+02,1.545053335674175230e+02,1.296630677414702006e+02,9.778779812589189646e+01,1.429268545676732458e+02,1.233410324476278674e+02,1.159893997297642585e+02,1.479662337037637769e+02,1.435707734438026080e+02,1.338184375299642852e+02,1.188450445769482826e+02,1.252591066932099295e+02,1.243920947136683708e+02,1.354693486759522614e+02,1.141061782867318470e+02,1.243519924407486599e+02,1.325888949065491715e+02,1.242134830024903493e+02,1.307514224788813806e+02,1.277420953046409551e+02,1.056603231937960174e+02,1.168346557701900394e+02,1.100342707674118401e+02,1.426244137704817376e+02,7.317629503016203785e+01,1.652284215098108291e+02,1.169654452026687323e+02,9.049619390894646642e+01,1.503093330564622931e+02,1.491415582309944909e+02,1.329378730201040355e+02,8.627641961923293934e+01,1.276536705819648745e+02,1.281061561448780139e+02,1.418734958679908686e+02,1.277982763780561584e+02,1.382349142805889528e+02,1.390422034044309783e+02,1.164510539731575989e+02,1.543551255502099764e+02,1.405850709337511546e+02,1.245088918939780456e+02,1.101710256260406453e+02,1.402230170302763668e+02,1.116103920775688323e+02,1.188846664788840428e+02,1.186890999706421184e+02,1.282380203685916342e+02,1.322643522524868729e+02,1.389739572057943349e+02,1.506031305141361258e+02,1.444982444780845583e+02,1.399888716872143846e+02,1.582428516577335529e+02,1.266287131300246926e+02,1.062491512702688112e+02,1.168516679388538080e+02,1.101467964549771779e+02,1.353435609052694417e+02,1.133932042586714033e+02,1.396637472750392703e+02
1.007497594977636908e+02,1.312305735324016496e+02,1.087589309650110749e+02,1.206580402850752591e+02,8.576319952513134126e+01,1.102252893022262583e+02,1.126088805844104712e+02,1.365736865720228934e+02,1.122927007973659954e+02,9.435610204995445827e+01,1.155527343106162022e+02,3.956195219556904874e+01,1.067773175278388180e+02,1.085372866155244509e+02,1.174413209790933621e+02,9.377527418956555039e+01,1.185188109799849485e+02,7.667836027659053855e+01,1.131405263288071978e+02,1.225783244688027054e+02,1.006386369287922378e+02,1.218477963203993824e+02,1.177637740992044257e+02,1.144678535112757487e+02,8.093295458768231754e+01,1.163703512553447439e+02,8.941477377549946937e+01,1.379041993726034718e+02,1.155175567173619839e+02,8.070729705253900477e+01,1.486560364492146959e+02,9.632769497490133404e+01,1.068049567954767838e+02,1.282634905063279689e+02,1.353602611520743153e+02,1.000505169530318881e+02,1.275031216129775231e+02,1.141813753232224116e+02,1.060957448102067815e+02,9.452472935488809469e+01,1.084373917853845484e+02,1.448865576378787239e+02,1.160108484000398761e+02,1.234251533791458399e+02,1.038352758175840194e+02,1.075155129661067690e+02,8.981770990424240608e+01,8.636338091350583568e+01,9.179015578785741525e+01,9.638203557741469751e+01,1.266227917326113896e+02,9.898540342428513839e+01,1.031628201889077587e+02,1.098833272265360534e+02,9.318661698465422205e+01,1.282257601786119494e+02,1.097808509119248299e+02,1.313721288155786908e+02,9.503516930398265572e+01,1.048868165344082541e+02,1.152756423263579251e+02,5.909615394280897505e+01,1.492518904637646244e+02,1.068084902362710267e+02,1.027452123862127848e+02,1.019545660382196246e+02,8.749275202145156527e+01,1.064337490880108987e+02,1.096671623041700059e+02,1.106254896989655094e+02,1.281470624219743684e+02,6.925424220674680953e+01,9.842154603823280468e+01,1.060765669471681321e+02,5.307632926681168328e+01,1.256753815028486940e+02,8.446880352767414024e+01,1.335196028117011338e+02,1.192835895207676771e+02,1.063463519146680483e+02,1.359017305482219058e+02,1.021459354752277449e+02,1.199275915175059026e+02,1.238469058566845291e+02,1.252571857689959245e+02,1.052261610127346501e+02,1.015967679199355871e+02,1.174990632563817030e+02,1.083053053237278363e+02,1.236718584294615653e+02,1.042564814871618353e+02,9.745305479670784621e+01,1.237849131264016620e+02,1.367252057554831026e+02,9.068027837822238268e+01,1.266572627040485628e+02,1.191355159419875918e+02,9.992548838036589132e+01,1.162991009012390151e+02,1.115499688117949546e+02,9.204782041752223165e+01,1.196466524076089541e+02,9.002212858478777946e+01,9.221338218078618354e+01,1.008147775627212610e+02,6.518883863882803098e+01,1.127005350604902389e+02,1.048185352464050482e+02,1.023545195123830922e+02,1.011933471551829058e+02,1.030911223865134474e+02,1.043822802762844049e+02,1.057432280351040390e+02,1.075185846424844271e+02,9.194324915214615146e+01,7.843776395094448617e+01,7.461873688583898456e+01,1.144683920026744772e+02,1.197885619669268920e+02,1.207429060780627879e+02,9.556782859709225875e+01,9.761773621510330656e+01,9.240896714916775068e+01,1.251998413082481676e+02,9.168151581913829773e+01,9.525072628518883278e+01,1.204455590204962050e+02,9.066881017995680736e+01,1.224703795122106555e+02,9.669481446150531667e+01,1.119078577477927183e+02,1.140808453634687822e+02,1.008644460266803975e+02,8.905431955322694648e+01,1.164012911513647879e+02,1.109692344420339367e+02,1.085780111540266546e+02,1.114778720501625884e+02,1.267306899713208850e+02,1.185073921297074833e+02,7.884112946425770474e+01,1.120239854094362784e+02,1.030187295367122005e+02,1.193083795211589404e+02,1.045191590239732307e+02,1.415244295844789804e+02,7.317988054880083837e+01,9.751330044477113290e+01,1.011268163962184161e+02,1.084024061704017186e+02,1.208246646717276178e+02,1.119197892418239917e+02,6.210207598363985682e+01,1.052741373631426143e+02,1.078878555502351730e+02,1.106785232895309150e+02,1.319649868917111917e+02,1.126060550499948079e+02,1.094304042329495843e+02,9.061231499820593172e+01,1.049194487603393355e+02,7.845776610197167145e+01,9.122197147513263360e+01,8.805475672078461002e+01,9.398807510248404640e+01,8.652091359293392259e+01,1.267282360141478250e+02,1.054103377841688172e+02,1.035064163294623683e+02,1.128752873259282126e+02,9.864650876739541729e+01,1.040346135933601204e+02,1.041768746105669265e+02,1.167013626668769746e+02,6.601663856803043018e+01,1.080891563779964031e+02,1.149204680965597163e+02,9.702531692755091797e+01,1.081564604054994732e+02,1.044472447982202823e+02,8.718879185893382555e+01,1.040117314338538392e+02,1.042345026024311778e+02,1.123221669851901083e+02,1.033067936914179086e+02,1.033240376917789831e+02,9.891349086380978406e+01,1.013180279655490494e+02,9.973916043513996499e+01,1.165217688019163376e+02,1.178130711416315393e+02,1.226419653077330452e+02,1.341116482481665173e+02,8.292463283341247404e+01,9.594146600002703451e+01,1.172507987739656983e+02,1.079428716768826888e+02,6.788357116377956402e+01,1.040952557730322212e+02,1.321681424176875055e+02,8.370571125750163333e+01,1.036153861963186671e+02,1.134256840029939184e+02,9.923273648396239821e+01,1.363882227222287042e+02,1.029298760020583927e+02,1.047942357311421517e+02,8.003853173639279817e+01,1.180475630802271496e+02,1.236454885833432371e+02,1.030694580064429147e+02,1.377483541333609480e+02,1.053780324224156573e+02,9.616799502177842385e+01,1.018876517612358157e+02,8.359912517548063704e+01,1.114510650061873065e+02,1.019442041856100758e+02,8.191355978380475733e+01,1.076998811092219341e+02,8.913755031831402675e+01,1.417483329831048309e+02,1.086906890323511874e+02,9.891155003205419405e+01,1.220887933349162466e+02,9.005188692678605378e+01,1.219145694456848759e+02,9.521261208713826818e+01,1.021124387526795658e+02,1.071743806127659582e+02,8.343124801500556487e+01,1.113936786389250102e+02,9.351758242961328449e+01,7.360329215648316392e+01,1.177412524968099916e+02,1.224621165099811151e+02,6.758943222202915990e+01,9.698750058924098028e+01,9.119859741884445725e+01,8.947197447560590433e+01,1.254034976650369373e+02,9.723996319562729695e+01,8.583882137717053240e+01,1.223688247692340099e+02,1.133488015817997194e+02,8.751634546345100318e+01,1.228474919449547826e+02,1.172545437167453315e+02,9.399008249073484933e+01,9.237068706669215601e+01
1.024581802697021686e+02,1.246900886154197536e+02,9.320260327671032030e+01,1.233349599906206606e+02,6.631933545477272673e+01,9.718077822709487634e+01,9.140379240854741738e+01,8.104748759714915707e+01,1.426588366455415837e+02,8.003606611656961434e+01,9.440853608532326291e+01,1.022107435266526636e+02,1.178359163540498855e+02,1.088633448950256337e+02,1.044080105025550438e+02,9.077244299909192193e+01,1.058467079081465982e+02,1.255454387607383211e+02,9.691711573546834302e+01,9.964776549769635494e+01,9.352218718779785434e+01,1.356396911892408070e+02,1.226688485134164068e+02,1.335931709607321807e+02,9.811786298438016729e+01,7.417897712956977330e+01,8.054096286452063680e+01,8.432357301122141280e+01,1.252643056431528805e+02,7.825332133714769611e+01,6.919167444943100520e+01,9.910637691087352152e+01,1.217550340317615678e+02,1.445573161611738158e+02,9.404902364312806640e+01,8.318546191331607531e+01,9.583620216662561120e+01,9.268931356281431988e+01,1.070337845225711391e+02,8.052965760123109362e+01,9.361368514049333101e+01,9.903047610386776967e+01,1.282781941854087790e+02,1.112484019432475009e+02,1.120352142624702907e+02,1.052124418110661708e+02,1.183112267593411957e+02,9.013763883324601522e+01,1.119012771418184542e+02,1.059893514550879701e+02,1.074782745641600741e+02,8.806320595204698520e+01,9.536074559622483093e+01,1.174348120508502404e+02,1.091488292767427453e+02,9.705099171097523936e+01,1.004429787145421358e+02,1.188486813731509244e+02,9.292229352670963749e+01,1.053366804246005017e+02,9.574567450655199252e+01,1.106748591943968449e+02,1.004123879524958767e+02,8.391530126820087787e+01,1.040144558920532489e+02,1.029385929460974864e+02,1.039830251026307053e+02,9.528967013027804001e+01,1.025030850228659460e+02,1.033235683812181804e+02,1.207016072866825880e+02,1.216851064677505292e+02,1.000844190706978623e+02,1.048243968400005173e+02,1.326186548775967537e+02,9.482506637417139927e+01,9.025658410931443143e+01,1.028174755486906662e+02,1.088138949196438716e+02,8.141256627615537411e+01,1.180253075744483056e+02,8.333388217913550022e+01,1.036340472264044905e+02,8.047378288962119086e+01,1.231295488366225470e+02,1.044624902162019566e+02,8.222846651785548033e+01,6.584651981010945576e+01,9.534518830499601449e+01,1.032223221125112644e+02,1.217528862354306227e+02,1.034726014101449891e+02,9.925965285698791263e+01,1.226007519883588373e+02,1.012513328744481100e+02,1.164748776648597755e+02,8.908920547124898803e+01,1.235077319535858891e+02,1.241854291019933214e+02,1.015759506768653182e+02,1.123769925515327799e+02,9.321857393501207412e+01,8.738835618724354504e+01,9.975646942843138731e+01,1.057736490359096990e+02,1.004581094350120907e+02,8.496917126672451559e+01,1.208320153436600890e+02,8.798842227162488427e+01,1.033366191152454689e+02,1.006294756186456993e+02,1.068965988765236972e+02,1.227857558398684859e+02,1.153649016354697778e+02,8.374520635043930383e+01,9.069493266447551605e+01,1.116767317344764479e+02,1.206562318233426794e+02,9.695181189019038470e+01,1.093609946325721012e+02,1.055931527828439869e+02,1.079758203592809167e+02,1.001497025425282601e+02,1.098804653867439498e+02,8.531706259658506042e+01,1.201429462143115359e+02,1.153166071488389548e+02,1.183507290229770064e+02,9.450651684346307491e+01,1.078903850255733232e+02,1.059704233487018570e+02,9.498307278058621250e+01,9.647391711049877472e+01,1.188300208023552784e+02,1.398558607573416168e+02,1.042524250317117236e+02,8.063634550304379900e+01,9.697682119710097481e+01,1.253283674941754242e+02,8.661281086655108652e+01,1.059054852056630693e+02,1.298309804104132752e+02,7.940347882587661843e+01,1.231159800302341978e+02,9.816066832070619341e+01,1.100787902494248698e+02,1.077982741600578436e+02,9.803391420369533193e+01,9.906736087614649477e+01,1.029237940581847539e+02,1.145757739013597529e+02,9.202611248356828355e+01,1.015093958675095109e+02,1.157458103318735994e+02,1.050490573844267175e+02,9.834731144140003778e+01,1.066730630945887128e+02,9.515169484282529311e+01,1.121307555909221492e+02,1.197760890241726912e+02,1.168588700362849693e+02,1.055726951124500204e+02,1.127678183427508287e+02,1.005618181332299628e+02,1.160324131085558861e+02,1.165589089774405664e+02,1.013244310425379950e+02,1.175986267794355342e+02,1.096243415429194670e+02,1.167629726801300905e+02,9.745838996646725150e+01,1.113341229779340722e+02,1.332335403747342184e+02,1.072449191503593795e+02,1.153738671322657723e+02,1.167973500025472759e+02,1.055452669557001570e+02,7.663938219262391272e+01,8.591188431805353787e+01,1.139280389509065401e+02,1.140958717698971441e+02,9.840800462291986150e+01,7.821034082232733908e+01,1.000529664429558352e+02,1.039625937162080618e+02,9.981096951190207278e+01,1.047132062325275257e+02,8.548218327191285937e+01,9.392054413093897836e+01,9.215991141948506993e+01,1.129258249215045424e+02,9.903745638040004451e+01,6.664547610780594766e+01,1.271183687955597748e+02,1.198904863354348151e+02,1.163204556629962241e+02,1.136414054691112199e+02,1.049468516753769052e+02,1.062572770308390204e+02,9.257654729800755433e+01,9.604395215700074573e+01,1.134369798377558141e+02,1.105370379944680508e+02,9.248652206542101339e+01,1.080203787309899894e+02,1.183813844353006601e+02,1.264083210203513090e+02,1.079127688263417468e+02,1.148201389923177942e+02,1.143175989107196813e+02,1.117554221416715023e+02,1.204701252845587902e+02,1.226861166171493238e+02,1.174877829419194768e+02,1.032983685797783693e+02,1.125016749095714630e+02,1.225104140902288350e+02,1.167787407731271969e+02,1.250270994635966275e+02,9.827133943772648195e+01,9.555395270717862388e+01,1.128701554038835724e+02,1.141018686433298797e+02,1.020657025719715989e+02,1.061924650611770176e+02,9.261630604109336673e+01,1.033794090523219040e+02,1.094765631518849460e+02,1.117860835289018553e+02,1.124957148449737048e+02,9.841403991807447937e+01,8.402177230558882570e+01,1.236228575193391350e+02,1.243040944703471382e+02,1.117129232021039513e+02,1.185982958498099151e+02,1.197571904998224852e+02,9.354655336882275662e+01,1.005919136995325260e+02,9.734496164674585827e+01,1.085829907746439886e+02,1.014981321886517946e+02,1.055655938936807843e+02,8.989264116557262696e+01,1.008678133870264730e+02,1.337870727264647712e+02,1.274609959939277104e+02,1.269007310981322973e+02,8.313982594632943801e+01,8.175679858092078689e+01
7.739386001203870080e+01,7.881067736422042458e+01,7.412872332471999925e+01,9.560114326689883057e+01,6.655199309968473642e+01,6.914471775678789811e+01,7.959311203449357208e+01,1.228257306330265521e+02,7.979418720130074405e+01,1.179180378995782235e+02,1.115211329630819677e+02,8.400227030630696845e+01,9.756059459889812047e+01,8.432505618029374261e+01,6.209021142445708108e+01,7.063565512159456716e+01,9.429886134780700502e+01,9.592619145048192308e+01,9.729684530421275213e+01,7.362448571800295838e+01,1.256333622219514297e+02,1.028615731007886751e+02,8.084502254021171552e+01,7.794358630690069845e+01,8.876706367503365414e+01,1.063217600826182974e+02,9.773968386249791251e+01,1.098855066180626068e+02,6.997221701095669744e+01,6.080428626280725979e+01,5.086773003895464029e+01,7.327261391212370256e+01,7.980266607104547916e+01,9.246714363533428127e+01,6.503288856931406769e+01,9.606130166282778760e+01,9.525624131606170408e+01,1.129370414010155912e+02,8.925906669391770265e+01,4.429199697848780204e+01,1.061354279233063096e+02,8.320590161149223718e+01,7.367314474513320022e+01,1.031986465303983778e+02,7.223869178146345860e+01,7.446960587688496958e+01,7.842442993046087452e+01,1.000714609039924881e+02,9.375300229836486210e+01,6.882524906334398906e+01,1.028594186949575402e+02,1.058172681430773849e+02,7.959417985020564856e+01,9.755736851009699251e+01,8.860151765534222079e+01,7.675024718496545972e+01,1.143047847765213731e+02,5.885804472787559405e+01,9.061617306729222321e+01,7.633019139593186253e+01,1.055931050989695308e+02,7.931279470566605028e+01,1.088494221845059826e+02,1.056113344463270209e+02,6.592392769018429988e+01,9.159403049836055288e+01,1.084357765167373913e+02,9.841717720894325794e+01,7.613951659844248354e+01,8.550533995048155589e+01,9.236960575488348013e+01,5.316292381085407470e+01,7.789198784366494976e+01,8.627702662541366863e+01,8.508586171606809501e+01,1.118871239552626093e+02,1.065915689989239041e+02,8.012795435339158701e+01,9.259651058512538668e+01,8.051354768257556316e+01,7.812983772386451164e+01,8.270664172352663002e+01,9.934739131780661126e+01,9.392910514953963741e+01,7.999996185993953191e+01,8.506276103674257172e+01,8.622543456274530627e+01,5.439443911484297445e+01,9.610855249262112920e+01,8.247503286050741167e+01,9.029689567831793795e+01,7.415485748880908545e+01,7.066065239237255469e+01,9.948908311451259578e+01,7.589780645290382211e+01,9.420702470774908477e+01,8.057051868167624775e+01,1.050887089899085396e+02,8.394472285472575379e+01,6.701012463217688264e+01,8.979394394751942343e+01,9.205526741870095009e+01,1.193794296187472099e+02,9.646754588085568116e+01,7.610269384073508547e+01,6.198992910430963832e+01,1.041853979750445944e+02,8.733614956069246205e+01,5.965486772923293302e+01,5.036334870941814046e+01,8.388819383266141472e+01,1.217813607493255290e+02,1.118859588864223582e+02,6.629704956814876482e+01,9.065697260878449981e+01,5.884200876137298053e+01,8.138266629115138073e+01,7.896255073844343997e+01,1.026876108602526614e+02,1.029906398959824116e+02,1.024927178104806700e+02,8.553367658378729743e+01,6.815888793195382789e+01,9.258696081598705518e+01,7.687546732679804506e+01,7.079810503471948380e+01,9.630474555758063104e+01,9.183461907076707575e+01,7.986825084238286365e+01,9.645972066390710609e+01,1.082440852713892809e+02,1.019367140110786636e+02,1.146746375361219492e+02,8.532901913111548708e+01,9.969673641278801313e+01,7.040964625350872552e+01,1.139363779972268276e+02,1.069401701096369521e+02,8.327828137297994715e+01,9.142187024588902489e+01,1.050937148275709632e+02,8.151190961047764461e+01,9.044525459809203483e+01,7.501394158272967161e+01,7.972025279306421908e+01,9.492931987862021970e+01,8.495036427060151141e+01,7.897208945601296648e+01,6.367913157232823096e+01,9.635899577344042655e+01,8.347713707875865907e+01,8.328995829346202129e+01,1.035238969035582386e+02,9.854406234238248885e+01,8.850234437852127201e+01,1.079050469664670118e+02,7.214270921639062806e+01,9.926530054438066486e+01,4.428212878093385996e+01,5.713559733381088535e+01,9.331405202397058929e+01,9.745060489204404064e+01,5.576578501216498296e+01,8.271271046772969271e+01,9.395795161082949676e+01,1.110841499849233145e+02,8.542475950225727388e+01,9.819396735905766604e+01,8.061206481535789692e+01,8.854526638257134152e+01,9.796321746732573388e+01,9.767030973181468312e+01,7.263874907610767195e+01,6.616065484740866509e+01,9.671353903620179437e+01,9.004849987534002764e+01,9.840590508614427279e+01,9.951721610152721098e+01,6.916703458683609540e+01,9.127626469669176856e+01,7.216701794591540420e+01,7.901682367722477807e+01,8.900279337245071076e+01,7.546694688274415341e+01,8.276625030703422681e+01,8.561487864638974088e+01,1.000187631179087049e+02,9.943966960880936767e+01,9.988020206239298204e+01,9.956399022852903613e+01,1.066456201560950774e+02,1.118860818186556827e+02,1.196387075453866231e+02,6.939076918635282709e+01,5.629330707578327520e+01,6.178492582270729372e+01,9.478698923032990820e+01,6.688607856364802728e+01,8.744302798625606954e+01,1.299308682287687589e+02,9.994752956323458193e+01,1.034476607157334911e+02,8.747182298692169411e+01,7.405314736039126444e+01,9.824079725347647241e+01,5.766982606464482330e+01,7.328887040389108165e+01,8.710384319252464991e+01,8.350006346477859154e+01,6.113001565063233755e+01,1.033636258183723271e+02,9.071705984697022984e+01,9.463849672271661007e+01,1.102251928803273273e+02,1.110127950785512070e+02,7.904620081601642312e+01,4.893499868472412118e+01,9.323357501889724119e+01,1.037475982778694146e+02,8.628969037845577361e+01,6.126841043590748370e+01,8.488181767758619856e+01,8.300266565137995656e+01,9.484815012032764514e+01,7.711353352728256993e+01,1.108152538397956164e+02,9.631994921974376211e+01,9.372215860710751656e+01,7.650799823973520120e+01,8.428256553681423213e+01,9.094448960203651211e+01,8.001625306061013987e+01,8.221625995575843149e+01,6.833213654777898682e+01,6.090858444755374279e+01,6.005068512643681089e+01,1.115818935654553883e+02,8.962508645324101053e+01,1.025932183712461523e+02,8.803426978218124077e+01,8.803345228158933367e+01,6.786534892990489709e+01,1.196243132772726341e+02,1.118611579285193329e+02,8.897064851473824376e+01,6.675782988073932245e+01,7.678846686558821943e+01,8.752032559514577770e+01,1.013278967352480038e+02,6.354609765412199351e+01
5.932140575613833988e+01,9.099117578709011411e+01,8.802652531454202744e+01,1.036344654458661125e+02,8.416179210947018419e+01,1.119231079656110239e+02,1.069248104165493203e+02,1.032460460421974773e+02,7.899162075472270317e+01,6.888767625172786779e+01,8.645342127983782632e+01,9.822324713288041664e+01,1.010114841932816745e+02,7.628563049460615275e+01,8.641792051696677390e+01,7.307800523372684154e+01,1.054826028553172961e+02,8.260882437547033419e+01,7.160195323536741796e+01,8.203439134602642469e+01,2.594013293667575937e+01,8.539954368938259677e+01,7.166088002131100154e+01,9.518786877854579132e+01,8.414134973473640855e+01,6.235684702220443398e+01,1.182729806865506959e+02,7.601456713593793779e+01,1.211107435956254221e+02,8.693586871208563593e+01,7.972496338753859391e+01,1.176907411758180615e+02,1.029394453680696557e+02,9.139830897910030671e+01,6.722969995563502721e+01,9.391154283228131305e+01,9.760379838827461185e+01,1.136295116970517824e+02,9.489767842545573728e+01,1.161813140561510096e+02,9.389690939022347038e+01,8.540250349734016311e+01,1.272130649568531737e+02,7.997213339997718151e+01,8.909893567287942062e+01,8.775177315216653540e+01,9.832988583419945883e+01,8.520478307735146473e+01,7.973557321878102755e+01,7.518668665185191458e+01,9.741002952806887549e+01,1.225712703137011772e+02,9.049215327690784250e+01,8.158681717005164558e+01,9.471816956105398333e+01,1.099078120365000331e+02,1.010834989470369294e+02,1.174078868852991491e+02,9.643245466554471079e+01,9.034159375933624858e+01,9.851154780709759962e+01,7.460039572222842708e+01,8.427421167724583029e+01,1.063034037124001117e+02,9.411688756682980284e+01,1.081817301298928982e+02,9.206067535951240188e+01,6.095056339042498905e+01,8.713519450913219089e+01,1.227660385479924514e+02,1.077560829499805521e+02,8.036342251401065084e+01,7.845127531245060482e+01,8.120774699662118223e+01,8.507358893558109969e+01,1.244852803473000193e+02,4.705698363451163857e+01,1.082855120888475682e+02,8.864981636420965572e+01,7.614455059461539577e+01,9.117985138825549996e+01,1.086115426555094956e+02,1.079117853550112045e+02,9.384207579139186350e+01,9.408766459616188627e+01,1.034913633775687458e+02,9.789250098366790098e+01,8.273074577213839120e+01,7.026703034433079154e+01,7.779271318096898824e+01,7.491535259696871663e+01,7.206687968139132749e+01,6.006258424624344627e+01,1.304495807501210152e+02,9.489403803639818591e+01,1.122658221380447969e+02,7.423953228457392584e+01,4.062803397685829765e+01,8.017020192909328102e+01,9.407585957022335776e+01,5.099488568081970641e+01,8.192976129534433483e+01,5.322778080755266927e+01,8.452283572798144462e+01,8.625332221864422877e+01,9.104541809387824003e+01,8.709398664760530551e+01,8.620668166499899598e+01,7.957635901681479140e+01,8.169750000256685496e+01,8.647333479742769669e+01,8.411984240643403155e+01,1.008966467301780057e+02,7.837981444982133894e+01,6.833414618513526761e+01,9.083872606891635826e+01,7.734260259077041155e+01,5.886805723288626524e+01,7.878196191991185060e+01,1.024193036454491477e+02,7.600551728163017629e+01,7.472473700229602400e+01,9.575909114230648811e+01,1.000028520539801633e+02,8.423920739073948027e+01,1.258011870962779994e+02,1.148861292845041220e+02,9.066536732922202191e+01,6.874401055496500135e+01,7.603179892260985184e+01,8.290116442399771302e+01,9.194428395277498112e+01,7.892885465658360999e+01,4.897433370358705673e+01,1.258843052714282322e+02,8.861019636131898380e+01,3.862829200085402448e+01,8.838963314169653529e+01,8.328875380020141961e+01,8.620395449830267864e+01,7.744289714503516109e+01,1.093746780517841444e+02,8.847005537833717881e+01,1.183489021242012598e+02,1.012310723647203048e+02,1.013779138184133615e+02,1.128019884807929856e+02,7.059984199909709446e+01,9.083299337684884733e+01,7.863577920946102040e+01,8.922202226168678862e+01,9.353253635640149355e+01,9.578764034217964252e+01,1.083966781074776691e+02,7.846526621226232123e+01,6.435725666397959799e+01,9.844536740107534456e+01,9.915760880488467421e+01,9.838298126792534504e+01,1.043192343352849889e+02,1.131489031175981665e+02,7.922265878089469027e+01,9.801927360220547314e+01,1.073312286998220486e+02,7.176491700180014277e+01,1.005402291482945145e+02,9.364719928780463931e+01,7.989167458064952143e+01,8.308458316240222530e+01,8.283498005846151102e+01,8.072875229680987275e+01,8.056589113424867321e+01,7.681206171787111714e+01,8.660186824057389288e+01,7.101806298206962254e+01,8.859740088217476739e+01,1.022584980395606067e+02,8.192422799171735903e+01,9.402607235029714161e+01,7.301987435096405932e+01,8.143819897623819770e+01,1.139407760064854642e+02,9.981608579195693665e+01,9.676987781880244199e+01,9.383539769171881062e+01,7.216793207932671805e+01,7.971446358730109694e+01,7.088572582980783920e+01,1.025771683951331710e+02,1.083084553258947835e+02,1.179797152141113941e+02,8.866780230551582065e+01,5.144451453446959022e+01,7.909636630057063655e+01,8.269283776609276515e+01,9.388023961965410535e+01,1.228695656294877665e+02,1.132442123569124988e+02,8.853056540144817177e+01,7.674295141740833515e+01,1.070234801286463977e+02,1.047742383532387862e+02,9.054557879144816468e+01,1.008236624176847158e+02,9.216952990202342733e+01,8.900283392538231908e+01,8.651852515127870902e+01,8.953283520477248203e+01,1.252044725254635296e+02,7.793122351692905170e+01,1.041163339811029687e+02,1.182313951435681076e+02,9.857761456651643073e+01,5.015210501108238361e+01,9.909478121139650852e+01,6.563363599347927391e+01,1.036986020579859797e+02,9.106854198523150501e+01,9.970651862950776945e+01,9.636167540324443337e+01,1.003266296888885023e+02,1.068715297266660258e+02,9.200889812415627489e+01,9.636096688535313604e+01,9.261520194642739057e+01,9.448623593850611257e+01,9.435432929463576102e+01,8.815598102265705904e+01,1.113377607668765563e+02,1.022011438920103927e+02,6.293047034812042284e+01,8.573763319676709216e+01,8.700874756067355520e+01,8.908948833637936104e+01,8.687263325802337022e+01,1.006187351557740755e+02,9.475649932856353530e+01,9.273980748391007012e+01,9.320742457293047778e+01,1.115867822923972881e+02,1.066881132527115312e+02,7.824178249933406448e+01,9.310710259767955677e+01,5.182533715670199115e+01,7.040274109202421471e+01,9.442833278986309153e+01,1.107890009227541555e+02,1.247423638383249340e+02,9.783575287120967801e+01,1.043211793695064955e+02
4.048915574328555778e+01,4.366124029791777161e+01,5.071534520721859707e+01,3.432474585673288914e+01,4.593770882360801977e+01,5.365295250020036377e+01,5.726862862018683131e+01,2.592139396976753218e+01,4.604090000083311196e+01,4.349506103866048079e+01,6.506852983282642811e+01,7.482686030531316135e+01,3.396073094733499431e+01,3.435966010089734368e+01,6.566042716108798061e+01,2.655466850584629057e+01,3.845523129197449208e+01,5.595557569263161213e+01,4.737483977775334409e+01,4.648225916958700310e+01,6.203965781765887044e+01,5.153683252022532457e+01,4.640564051365421960e+01,2.212415137696977041e+01,4.744979611918962803e+01,5.238814981993709097e+01,5.058470202746939748e+01,2.987585091117575331e+01,6.142904905871301224e+01,2.051455682073561704e+01,6.974626529507091277e+01,3.363334230031869510e+01,3.564528907563434501e+01,6.306965750645786528e+01,5.617787133373212782e+01,6.378723481897233150e+00,6.254066357671622001e+01,4.130654060857831666e+01,4.292160948435090972e+01,2.240612211715864532e+01,5.530729220076401020e+01,5.533121409563378990e+01,6.158614195804722158e+01,7.066614530863675725e+01,4.788155162394751585e+01,5.771937444597076450e+01,5.703487882324583325e+01,5.152998789950701308e+01,6.645537724454597139e+01,2.475666636528372067e+01,3.134381240243122946e+01,8.248756809716559246e+01,6.432378324384846735e+01,3.847043395721274095e+01,5.740394691167085739e+01,3.421097417404844521e+01,3.302847678125387887e+01,4.776409023713929969e+01,5.475594319453046666e+01,3.646633664636642180e+01,4.492040354588628759e+01,4.293319357020249072e+01,7.715115417594761027e+01,3.330147737660093554e+01,6.828722360723976692e+01,4.297073898902728217e+01,3.718306868522012820e+01,4.915392828896633404e+01,4.537133414794604391e+01,4.462895564512269431e+01,2.275706523028896910e+01,1.824972181649772551e+01,3.809240324950552292e+01,4.390113762657014007e+01,6.121737748478151531e+01,8.046399043936369821e+01,5.453383659882383938e+01,1.616058183697423800e+01,3.344682735697197273e+01,4.682314721116649991e+01,6.023673690062756947e+01,3.584407510963553989e+01,4.239353497101161139e+01,1.677675963951261906e+01,3.739545558894859312e+01,5.929956784319303864e+01,4.010626208775576629e+01,4.974516401431381496e+01,5.049223916144539004e+01,5.099980181584985672e+01,5.768507087616404050e+01,4.165811229575029273e+01,4.249480811113759415e+01,4.560267204706908473e+01,6.069392405493587717e+01,7.453111881228046798e+01,2.046444172487754898e+00,8.587530010672533365e+01,7.919071500705081235e+01,5.644890919349776937e+01,4.510846358355226471e+01,1.996860233364663628e+01,5.765087238077624932e+01,3.753024644662657039e+01,4.022265420320700713e+01,3.270225449471070789e+01,6.220951875230666417e+01,4.060511568891507750e+01,4.141471475163491078e+01,3.292899626267907820e+01,4.994391245954399494e+01,4.495887496803580774e+01,5.579102061432078585e+01,2.881093470500728415e+01,5.644802998859164944e+01,2.498870261150804595e+01,5.321905619405214338e+01,4.657672960860851674e+01,3.956635252695718208e+01,6.182949767176755529e+01,3.571960076088185332e+01,6.720706401284074616e+01,5.337306903095080202e+01,5.570338871011414739e+01,5.428731778469393277e+01,2.641622611530513609e+01,3.636915999285582757e+01,5.635894715476995742e+01,3.562941597215039025e+01,6.745137587018308523e+01,5.213540668049535043e+01,8.680217791747028855e+01,4.930274252059496121e+01,2.554111329128231489e+01,6.403440628212774755e+01,6.562408497509531458e+01,3.695669822813434280e+01,7.978079286069376508e+01,7.102986342688053867e+01,6.699028777483907504e+01,8.221749283720473045e+01,7.018506839722903123e+01,4.443460990137113953e+01,3.483855411299251159e+01,5.305371870761855746e+01,8.175197154538361133e+01,5.259890194049132361e+01,4.098799492829836311e+01,2.962468933087771106e+01,7.724377477866475772e+01,4.849081883522275405e+01,4.096855479763210894e+01,2.664832896895972425e+01,7.191841151668270982e+01,6.385846227750450055e+01,4.529344538422849098e+01,6.575661536599508850e+01,4.840282970942834595e+01,5.327121626432911228e+01,2.867465614853096056e+01,4.060123610626290969e+01,7.350338063694429991e+01,4.981425252873802378e+01,5.916617652753814838e+01,6.075672760724133781e+01,4.931688888871225629e+01,5.437641222425596510e+01,7.716053046864736586e+01,6.937667886577672505e+01,4.333378246309847270e+01,2.731190625578088316e+01,5.615479271646058379e+01,4.010620375899599566e+01,5.985979103825311398e+01,2.852643964685640299e+01,2.836197860631038026e+01,4.278514328826022250e+01,3.510814046337203820e+01,1.544779488794785571e+01,6.316647552428171508e+01,2.746583822376403816e+01,5.082722544878267001e+01,3.078967736038591241e+01,2.670410920783814035e+01,1.083454960600304418e+01,8.716329192058046260e+01,3.463731575835068099e+01,7.295702913214310570e+01,2.529482084361249150e+01,8.474429756997629681e+01,7.353225028376188277e+01,4.862503595309521387e+01,6.561947223638283333e+01,7.306078545748211184e+01,8.165860927519892698e+01,5.872394607164772395e+01,6.838731761510484830e+01,7.193976445180209112e+01,4.608362586048036036e+01,9.870139151540942635e+01,5.174578612365223051e+01,4.789515615842866225e+01,5.901410963481681193e+01,4.190022204762907165e+01,6.518339703509872152e+01,5.363025290448934612e+01,3.500516293600771434e+01,5.121407876173207541e+01,2.999298980529548686e+01,9.237496129647762189e+01,3.922423279356175385e+01,4.562412166230993193e+01,5.411664752980527027e+01,3.796047309292494276e+01,8.441805147880981508e+01,8.001013591464318608e+01,3.453421187046514262e+01,5.855221669996667799e+01,6.227722005454505450e+01,6.579617022742729660e+01,3.157147150467176999e+01,4.223069134792271484e+01,4.303777198056759801e+01,6.856312215370658691e+01,3.667724652096919868e+01,6.150947115549388400e+01,4.162739706259240080e+01,4.709786920965012769e+01,6.882099501015500209e+01,3.606983095900468328e+01,6.317443974701767928e+01,6.132177919372283981e+01,1.942235229019987486e+01,5.522263486991350590e+01,4.188850188601652746e+01,4.466999963791008810e+01,6.290237538032149445e+01,3.187143713520038801e+01,7.222507642010876339e+01,2.387394635227145301e+01,2.214300539242264776e+01,7.063489161893119217e+01,4.575316949436268743e+01,5.121774279921106654e+01,6.133114193163822137e+01,4.449914306725160884e+01,3.703497254189636578e+01,7.782768816964893688e+01,4.788463393977571059e+01,2.072290806138769170e+01
5.575420003406343739e+01,1.045774203727395246e+02,5.254139781272139942e+01,8.217307723354196014e+01,7.608770214915841734e+01,7.072469308835613333e+01,5.601098090644489957e+01,7.418726688826980364e+01,4.586268489135223092e+01,9.130723311075648496e+01,7.020175135775552633e+01,7.230794602849537966e+01,7.344829617563512159e+01,7.562025517430679145e+01,6.180502010732097062e+01,7.615524868912918066e+01,6.219397352676531199e+01,7.756828240315104495e+01,8.083686827498247851e+01,5.501066129566633123e+01,9.242065676243910843e+01,6.312541243924157897e+01,4.532000957427007393e+01,8.348681006577865560e+01,6.244786580074585913e+01,6.486968356424013393e+01,5.731162854709326382e+01,7.197069786015339332e+01,4.735494103158664103e+01,8.766897302173637740e+01,6.043286827941457773e+01,7.376436881208603324e+01,6.918226341602618845e+01,6.941781553708761976e+01,5.809397817268953901e+01,8.222912308480282206e+01,8.616930919857817628e+01,7.060532043460669627e+01,5.537486386267548255e+01,3.812460401494815443e+01,6.414173686952605635e+01,7.457678791039160160e+01,7.775647829829131297e+01,7.836918850975351347e+01,4.110080055427745549e+01,9.579237099358138607e+01,7.328142470533796882e+01,6.319063877686568986e+01,6.343456092048626971e+01,6.045301153223812207e+01,6.719031688824188109e+01,7.138121622653767417e+01,4.477932602735825185e+01,8.782566201687617991e+01,6.552519732857577139e+01,8.035089768980685676e+01,8.395596805877399049e+01,7.223718700123163217e+01,5.591141295637928010e+01,1.043549461058096597e+02,6.685759428228983836e+01,9.076987906157727082e+01,8.721687476803421646e+01,5.729064865165049980e+01,4.228368239054206157e+01,6.721892930558388457e+01,9.913096326387925217e+01,5.493049692998076239e+01,8.511134704559934505e+01,7.803873000609671351e+01,1.035043291648978823e+02,4.147209135786545886e+01,7.181385290596990956e+01,6.396733475405339675e+01,7.837497338688586979e+01,6.709216627070932759e+01,7.401908585415101527e+01,8.171926831826286275e+01,6.122725862071341396e+01,4.709208044801004434e+01,6.361846511690333728e+01,9.746341960701209928e+01,6.092324905541160263e+01,6.918447867672736606e+01,7.611496281122822438e+01,6.129691958476777103e+01,5.298510904859009685e+01,3.537951661159020489e+01,6.378606647179473299e+01,8.015180515086001378e+01,7.435747211798681633e+01,7.021817306890940813e+01,6.095249576926081403e+01,6.932732562863847647e+01,6.829156751578010187e+01,4.970104155325133632e+01,6.741133961997651625e+01,6.562602146814252535e+01,6.012710399307754017e+01,7.808749283015697529e+01,4.915029671943499778e+01,9.576269180323758690e+01,5.903798459745870986e+01,8.113856074896641246e+01,5.594699076734510612e+01,8.710103034739758243e+01,6.120815201467681987e+01,9.277672565034187357e+01,8.168576990197757937e+01,6.727362732260432665e+01,8.118863948098207572e+01,7.776052467800275281e+01,7.476431716331377686e+01,8.653624889428199651e+01,8.696578831293760459e+01,4.850440429284834920e+01,7.578633798395999577e+01,4.869133717361543034e+01,5.789175881254234213e+01,6.934081786641841916e+01,5.370953278068379433e+01,7.046164555918802819e+01,3.193832360984930219e+01,6.330119951280208568e+01,4.555348801420232263e+01,4.910264531493599094e+01,7.913183705454876815e+01,6.292094099948877783e+01,8.236492914565212686e+01,7.082299633632806035e+01,5.003502395055028984e+01,7.059497700163886691e+01,8.369699882554361636e+01,5.628286259491574128e+01,9.410871135260340736e+01,8.718008682939800735e+01,6.257598726549655765e+01,8.284768395144641318e+01,7.264406164581781411e+01,8.595145052575688283e+01,7.071947717396960797e+01,7.404602551691280610e+01,5.534101041181418168e+01,7.542765757129126314e+01,5.813723721880179340e+01,4.505685039592540164e+01,7.976680817943349666e+01,8.511234236030473710e+01,5.270719417754142455e+01,6.028441718304924990e+01,5.062035746224809429e+01,6.741252009210703022e+01,7.092839991866888738e+01,6.839066709190657889e+01,7.699495750553330708e+01,6.684084860385949867e+01,5.910349242088053501e+01,6.986069541240965464e+01,6.578040708030569306e+01,8.007064451353109291e+01,6.316058669411661697e+01,7.803486254973820735e+01,3.764770255316869196e+01,7.255881909558475229e+01,7.034828242548367427e+01,6.801168729271569191e+01,6.820793510548506333e+01,4.381032198521904775e+01,6.455356066289611761e+01,6.936056759167625785e+01,4.286425952013195939e+01,9.004766258071383334e+01,5.917815719735225599e+01,5.096238641283132154e+01,8.710089966635879932e+01,7.028356370528358354e+01,6.205487268120694466e+01,8.276842936206770673e+01,8.332970374532419555e+01,7.307570337297178753e+01,7.220659728409546574e+01,6.503305068112631204e+01,6.496292440004390301e+01,7.755143993327102692e+01,6.651390256811482971e+01,7.098844997132914614e+01,7.281415192577722451e+01,4.828916363771824649e+01,7.536519640648009499e+01,7.721576972095054714e+01,6.080252285109985166e+01,5.905135670915267099e+01,5.925737371655544194e+01,5.363773841229306072e+01,7.425086795792010719e+01,7.911476967520123083e+01,9.592599094012513206e+01,5.782588493800830065e+01,5.669238329827270206e+01,5.906354284176106972e+01,7.350904106927916359e+01,5.852689854517938528e+01,7.468062002988290260e+01,6.368488732554083498e+01,9.335766084901798934e+01,6.868088564285613984e+01,1.058354196056240539e+02,8.525719593805690977e+01,5.157888561247651182e+01,8.418745273894602121e+01,4.680014540948720736e+01,4.729857994740633842e+01,7.089061156259312213e+01,6.410425352865489401e+01,6.723304597170098873e+01,5.560548873977364792e+01,5.945876746420104553e+01,6.687612164609406307e+01,7.400601424130081796e+01,6.400125827178966631e+01,4.511482181237195732e+01,9.530070089303028169e+01,7.511539812229197821e+01,4.535942986143122369e+01,6.797417572510190098e+01,7.887061756155634384e+01,5.744267801322899913e+01,9.076840312256946675e+01,7.509975253754421942e+01,7.876611726138740721e+01,4.929269531376739621e+01,6.342565289697773068e+01,8.026404179532048033e+01,7.314410179624260877e+01,4.204944482122575522e+01,4.889109458586865742e+01,6.453876538632152915e+01,7.710005106994229607e+01,6.539358261413663342e+01,5.909826712071402710e+01,4.996188406109598645e+01,5.899645167516980138e+01,6.473047833587112621e+01,8.842727486667730830e+01,8.717453466434967879e+01,6.352274524744466078e+01,5.054138405469278439e+01,7.040935774246273127e+01,6.559668709215102922e+01,1.032783450234868923e+02
6.744855244056431332e+01,8.626864759783018144e+01,7.338858540110379636e+01,5.209577245858646677e+01,1.075994044709881763e+02,6.650171905617239076e+01,6.301500644760043457e+01,5.229639105937363297e+01,3.072600409225738005e+01,5.456161658775721435e+01,8.568128598691103548e+01,5.378869390032199505e+01,8.302406871194145310e+01,7.169004945940525886e+01,5.156593987919340805e+01,7.704146053572007702e+01,5.975269603741670466e+01,6.573449185913463566e+01,7.346439212188255397e+01,6.585732264386324175e+01,5.823777223673179293e+01,5.116787760271569852e+01,3.456321925104003157e+01,7.259673624053209551e+01,2.513355257206007920e+01,5.833117799162126005e+01,7.135225039071966080e+01,4.035353797784019036e+01,4.689194409447423340e+01,5.193765076313606244e+01,2.584457122427201270e+01,8.182416967707484901e+01,5.192781062573500606e+01,6.610890165368456906e+01,6.962961521847259405e+01,1.026690821530050641e+02,4.887330432127520652e+01,5.212979291109971314e+01,7.871282860857441221e+01,6.202338509271207556e+01,5.700271844762491469e+01,8.327404499179493769e+01,3.631898858351205917e+01,9.000749028003147600e+01,4.155344866456299968e+01,8.142443710972212045e+01,7.829429641670985518e+01,5.300393891353060383e+01,6.431551908950511631e+01,5.519685342090630797e+01,7.874683137145065359e+01,7.343733335445610066e+01,4.542173060953027175e+01,8.376287845795178555e+01,5.879138378858969816e+01,2.889425390410422878e+01,6.814908050577635379e+01,7.841104829412165600e+01,5.540983472313486402e+01,4.189277721270502042e+01,7.659687642538557384e+01,6.159852688817171895e+01,6.728944087999842338e+01,6.900939793046929083e+01,4.293942871413423035e+01,4.802681561968265100e+01,3.447940918815336886e+01,8.235812132340745961e+01,6.683748471882630326e+01,7.341211988746997008e+01,4.600705730679832328e+01,2.487632080076058116e+01,7.218325454811531472e+01,7.506157143837684487e+01,6.527082172016595507e+01,6.579091837485063365e+01,3.430574958769626903e+01,5.907967619161514250e+01,2.310453568901379029e+01,4.067782201245692875e+01,5.840323658962213926e+01,7.545988360821169749e+01,6.286093149342912056e+01,4.775474606819328471e+01,6.393178450774478705e+01,4.839301589511495649e+01,8.095332728101985253e+01,5.043052250715724227e+01,8.932574636273868407e+01,7.468056539005502259e+01,7.658849715348061693e+01,6.267064415836247804e+01,9.047151531536300695e+01,4.691337670319284570e+01,6.910952323772364991e+01,8.443725505016759314e+01,5.032410495395318151e+01,4.008610483179256789e+01,5.021996136795827681e+01,7.229081775781024533e+01,5.908875776546774006e+01,6.093074552755505380e+01,4.113700529898328995e+01,5.697847204988125469e+01,9.053388586792522119e+01,7.946159749815547002e+01,6.062897118287574472e+01,3.386118328387182430e+01,4.649720124357111217e+01,4.659902455412299105e+01,6.703730875332641403e+01,6.277074444581937485e+01,5.413441771007181558e+01,2.355382331448058153e+01,7.132006895632387966e+01,6.064185611005913046e+01,5.984160368407211195e+01,8.453415515326314278e+01,3.571081933600675029e+01,3.290833772945435953e+01,8.531761255365690033e+01,7.409868452944888872e+01,5.026022284639211080e+01,8.341681838601888899e+01,8.114705264463756862e+01,5.650776934168386845e+01,5.906133937075886564e+01,5.198694485081758643e+01,4.785476649834814111e+01,3.902891222538229954e+01,2.627969248096012578e+01,7.983742283452926358e+01,9.054031934675680304e+01,2.567654405863206790e+01,1.078187292357444846e+02,5.094539445026749291e+01,8.299619971788871453e+01,5.235146071131192258e+01,6.215466764540487077e+01,6.419458724273221151e+01,3.374438585446205252e+01,6.861434024441230406e+01,6.885934682756312952e+01,3.587318998880323306e+01,7.048822376341762208e+01,5.660086863947028490e+01,8.925371503805934026e+01,7.096863897364272589e+01,6.425978810823077936e+01,6.184369128227532286e+01,5.638243185151339532e+01,7.882108286014256748e+01,9.636634559163333336e+01,5.926691432123155323e+01,5.283772594671003020e+01,5.132276418871837365e+01,6.618239306226570307e+01,6.795344591452345639e+01,6.593782835469579595e+01,8.067048198075569587e+01,7.131956238978148122e+01,5.282039048201797726e+01,4.777513469353258557e+01,6.027272945702114271e+01,7.743601433363599540e+01,4.921292772801222526e+01,6.259989438301297326e+01,6.975211390994520855e+01,7.394936724627012836e+01,5.552913613601248244e+01,5.407995210227864646e+01,7.149996678558191832e+01,5.294935314251425496e+01,5.840535113582359372e+01,6.949053893730976483e+01,3.382189682763595329e+01,7.257042336581906739e+01,5.422654118440311066e+01,7.822938566864402787e+01,6.536053207696477330e+01,6.467438562553678594e+01,6.916787404861129573e+01,4.505214482244151242e+01,5.649739261007083968e+01,7.414202910763653165e+01,6.397667582129645325e+01,4.468642992197879238e+01,5.177713170400095777e+01,4.882854228452044509e+01,7.211278051233013286e+01,4.336167118356274841e+01,5.116640399480788659e+01,7.105189389307378178e+01,3.208238301810661142e+01,3.912337113358026386e+01,9.540899188944865728e+01,6.597349620342265553e+01,5.132475555612658979e+01,4.315667148324858005e+01,4.306800047202763437e+01,8.647807499486788174e+01,6.879203546439103434e+01,4.250798747838639002e+01,1.066350238312907379e+02,1.009957813943275227e+02,5.176848476988628533e+01,5.718698573202607349e+01,6.395070281394404077e+01,9.578823939626215633e+01,5.231259225103814003e+01,3.656966969422003189e+01,8.407364259895956593e+01,4.967895457291971439e+01,3.167757204135130067e+01,4.748603906854233969e+01,3.563602160722179946e+01,5.609539547058071207e+01,9.556331386759002555e+01,7.843474512128440779e+01,8.041091249787324102e+01,5.350153144304741915e+01,3.473019409904918575e+01,6.242256798909301097e+01,7.368190703213642223e+01,7.159653337122966832e+01,6.242427598085068041e+01,8.324946460210809107e+01,5.032251156374741896e+01,6.569045448770580720e+01,6.627778072538887955e+01,6.591070410069904995e+01,7.735888571160188576e+01,7.299801884924798401e+01,8.777514008639907672e+01,9.393673032866091432e+01,7.447319136419197605e+01,6.951645591845853289e+01,8.965552624169019680e+01,7.847048587932208363e+01,4.814574252949541489e+01,5.914735477884453019e+01,5.983959419605782415e+01,6.890980399143978730e+01,9.529448118743844987e+01,4.848075411456336781e+01,6.549631957798413850e+01,6.712759421165674212e+01,5.265834195387121497e+01,4.423045704764723496e+01,7.055458961912252391e+01
4.498224226432307660e+01,6.657353148329733017e+01,6.750265978895129138e+01,5.605548694355294970e+01,3.821557332193023626e+01,4.375830436058785011e+01,4.416154975742512789e+01,7.790447444002703037e+01,6.067014154790507519e+01,6.208408701685912234e+01,4.139448299145814758e+01,1.788736514785522047e+01,3.529520378479286791e+01,2.976866372619668510e+01,6.025971075404671495e+01,6.770156225921331838e+01,2.535375008479275039e+01,6.730976143663514222e+01,6.922582367860999852e+01,3.777041689985364314e+01,7.112598423218929611e+01,3.976112080097131241e+01,6.905395381335029015e+01,2.788710986176928586e+01,5.220050904721814788e+01,4.541519643437523968e+01,4.109218501187552874e+01,6.149423265540731620e+01,4.135120530226335944e+01,5.317883202465878867e+01,5.713285139625716624e+01,5.226783904338966380e+01,4.485373387403639356e+01,7.175533852283881231e+01,4.518580360485041325e+01,2.213084747556650456e+01,5.189606918319386608e+01,6.335033579013453675e+01,4.375130781452669737e+01,9.203325721594200104e+01,8.831632176295454428e+01,4.418137583045556482e+01,1.964885101557629454e+01,6.501656806360541907e+01,4.165364860012751791e+01,3.203483102947318883e+01,5.639945462289067990e+01,6.953488260411363342e+01,7.282425538194438275e+01,2.402641597934354323e+01,5.634721672830340822e+01,4.795292283329991534e+01,6.078807836479968785e+01,5.706697095631939476e+01,3.502907526738363941e+01,6.283337370205977379e+01,5.203434307509895973e+01,3.066185884231887115e+01,4.607702729476859105e+01,6.053963081748710806e+01,5.506911894142500330e+01,3.423152311009481252e+01,5.728524970136358974e+01,6.262694237188028978e+01,5.731576590476934996e+01,5.308628473181437357e+01,5.570703967957297920e+01,6.287415941747655523e+01,3.628665106838572996e+01,7.821368973290320525e+01,3.999559635269523739e+01,5.088291672260531584e+01,6.271098948810212192e+01,7.531773997943103893e+01,3.917747299522647353e+01,3.345497943661491291e+01,5.792291628668350256e+01,4.860632421719579099e+01,3.418158127164040394e+01,5.945070126501674679e+01,8.194945812620331083e+01,5.831741124577982305e+01,8.439538504660028195e+01,4.729662015976627032e+01,6.195041454412054094e+01,3.885097558379138860e+01,2.660537260104239721e+01,1.373010150734806167e+01,6.300662284008835456e+01,3.877954152863005532e+01,3.312954785552534531e+01,4.244894368030433185e+01,4.218914491376963127e+01,6.463799962898521301e+01,4.966806481666639428e+01,4.967412819161025084e+01,1.762786167375848834e+01,1.556837489908726369e+01,3.938756864547567460e+01,5.593498646035612865e+01,4.919277958495680281e+01,5.557859381058768378e+01,4.045556022715105371e+01,6.139446959075429078e+01,4.018743202813423920e+01,6.985189807414954544e+01,6.774449768889994061e+01,4.971096402747557619e+01,6.983364887379980246e+01,6.018843349078090199e+01,5.146811710880295010e+01,4.252620468617478622e+01,4.756331479411189633e+01,3.545471607201346842e+01,2.688173375679298616e+01,3.289354573679273130e+01,4.411016124326206267e+01,4.561211827845093580e+01,3.062175651776892238e+01,3.070035119981194782e+01,3.693928978614729886e+01,5.723537350370509103e+01,5.566451652285948626e+01,4.461720473169982881e+01,3.859490815582793743e+01,5.009065838414006322e+01,5.488792806935269653e+01,7.597503225651398395e+01,6.943168380136197015e+01,5.625865967875210316e+01,4.270375625067909908e+01,2.144939948515964545e+01,4.133556076712289240e+01,8.623257711825503691e+01,2.410377143202482131e+01,4.410036653449913757e+01,1.374909513025549934e+01,3.058657725475718436e+01,2.274014098420099828e+01,4.677211994996556399e+01,2.588171234699075995e+01,5.256687596112922023e+01,3.453430831824817915e+01,7.817240676480217587e+01,4.537626507601495263e+01,8.362654503278045581e+01,4.382074680650550391e+01,3.788057937215254611e+01,5.710281069612375404e+01,5.978395930323067375e+01,7.537055036961268684e+01,4.208296796376600213e+01,1.604640011678791822e+01,5.875468609201121950e+01,7.177408070942335883e+01,5.297121728357447523e+01,4.750781953714985661e+01,5.751356081311459434e+01,5.706974357914504026e+01,4.137675063159449707e+01,5.221092255543586447e+01,5.439131231809064104e+01,3.081529715863928942e+01,4.376237159297551216e+01,7.190644495868353658e+01,6.189208699173429551e+01,2.243487891065275264e+01,5.744604166908572296e+01,5.650353121324398842e+01,3.389682533333409964e+01,4.991302142394473407e+01,6.942618999185879147e+01,4.780134787972893662e+01,5.159137556765024613e+01,7.159330755388688772e+01,3.908556263026961375e+01,3.551991471353200325e+01,6.056239201518310011e+01,5.436677597596568035e+01,2.096420910668516058e+01,2.202678105043746015e+01,6.780427583475166387e+01,3.605832082163595942e+01,7.394502553901011765e+01,3.608078290239640040e+01,3.495635685708143114e+01,7.956799064795129084e+01,5.724218761236341635e+01,5.196273326037991325e+01,5.809477546002361237e+01,3.893497377283863869e+01,6.105139888545537730e+01,5.065989598415918493e+01,1.841626432376336453e+01,3.950512475478274155e+01,2.589670500450652213e+01,6.132250594841883640e+01,4.281798790827487977e+01,4.468101915055653706e+01,7.682741595528176504e+01,5.618199117406209098e+01,4.334880226892152422e+01,8.104105992377398593e+01,2.608376320974438656e+01,3.870571205533708081e+01,2.811903876976813876e+01,5.724019601241866440e+01,5.969899706248661175e+01,6.399458712218351764e+01,6.500932766489617620e+01,5.249595703497392662e+01,3.967307964177486213e+01,2.318050839599588642e+01,4.254975651950006466e+01,4.721079388667423160e+01,5.027245910890534475e+01,4.032340607774866470e+01,7.493650128195238835e+01,6.132394506308509108e+01,5.431095597065120728e+01,5.839255895395666585e+01,5.960072321521147387e+01,4.019550760827619484e+01,4.445904802156849911e+01,5.128018418146216817e+01,3.177676643091158937e+01,4.099188539903165918e+01,4.272657580125786581e+01,5.573365557281591975e+01,3.840605799523919472e+01,5.028742218091905158e+01,4.877952217770900489e+01,4.985097311515362151e+01,3.715863048616566289e+01,3.146566543750379807e+01,3.780322631790838983e+01,5.313701686742092534e+01,2.634374622288641987e+01,3.642066300553855740e+01,6.089869701166738736e+01,7.310362475509552382e+01,5.816645883133080019e+01,6.956202347913159656e+01,5.142476806795518485e+01,6.445095431482083370e+01,5.629715191451157352e+01,4.147716372725422929e+01,8.983692761560813267e+01,7.432308684196263471e+01,5.431622932509596779e+01
5.449283778439327364e+01,8.038706975343086469e+01,5.674873420885069919e+01,5.848353509475064982e+01,4.041409581394097472e+01,6.905863864011975295e+01,5.076271358208095563e+01,8.958504136651544059e+01,6.789695444749929720e+01,5.256169033179494221e+01,4.283279570655593460e+01,7.710703220031902561e+01,5.643991041544588683e+01,5.827501986275440515e+01,8.552918086081244553e+01,7.982639857950454143e+01,8.269949499862131859e+01,3.414739115944403380e+01,7.905588444163615236e+01,6.435571910852560507e+01,4.763555377373546662e+01,8.091924139424912710e+01,8.474532457762840920e+01,6.106483590298581987e+01,5.594657591715240130e+01,3.761912768969588683e+01,6.302482775356809697e+01,7.102560671529829506e+01,6.702429579999565590e+01,6.125057548838520205e+01,5.954225600263517038e+01,5.128360133781561103e+01,5.985713508977823949e+01,8.591157769441471714e+01,6.210958158677683372e+01,2.328313195854349971e+01,9.731397343803344313e+01,5.255523927524039607e+01,6.974009607174920689e+01,5.035879179969981578e+01,1.092849855353617698e+02,5.440229954988055994e+01,3.729190275463781035e+01,7.726925844448302882e+01,5.032949102189439827e+01,6.699206814835659429e+01,2.526321946403043128e+01,5.780493871275267281e+01,8.048989790426971069e+01,3.787491761521138045e+01,8.019806252450456441e+01,4.412940593164984904e+01,6.625224402956510517e+01,3.387228286843367187e+01,5.232844324478785580e+01,7.421084916943286203e+01,8.867820693863185966e+01,9.348185163864089020e+01,9.621040400555847327e+01,5.381921631356861724e+01,1.016909476359127211e+02,5.837861456559816276e+01,5.312192136960980804e+01,7.098741078919077552e+01,4.546664894984571248e+01,7.974870805551840647e+01,4.321639507428992033e+01,5.688775776977804810e+01,8.315697467490859651e+01,7.120785149679517190e+01,8.760571544440708180e+01,9.406462937324764084e+01,6.839306616608948275e+01,4.718789225114947072e+01,7.443499139422215194e+01,6.483807904524543630e+01,7.466247006618139892e+01,5.554868714259911400e+01,8.095435754325789901e+01,6.564290852116475605e+01,7.326154599155862002e+01,2.778156117485794496e+01,6.585700021234782753e+01,6.354800811804194893e+01,5.247242617812049303e+01,6.983145344047191827e+01,7.481933084744009932e+01,5.154659851200469234e+01,6.683846213524985558e+01,8.613991128819100140e+01,8.832933993774928183e+01,6.091639745953415286e+01,6.337549101834918730e+01,8.914270059950348468e+01,5.209167537349131294e+01,9.850355085247912257e+01,7.976892366638375620e+01,1.162105989005152225e+02,6.671907286275538240e+01,7.142642155740271903e+01,4.937640133842254642e+01,9.219322684089981124e+01,6.257082561082063421e+01,7.417462164651698231e+01,4.713151939805405277e+01,3.161378726316442922e+01,3.790447287010193378e+01,7.182344056326122939e+01,7.916264459200458248e+01,2.126691825639084499e+01,9.806958182591557716e+01,8.278837384108214792e+01,8.106293989052417714e+01,7.297038836391793382e+01,8.269257462577692763e+01,5.868126595409974300e+01,8.412916649556180460e+01,5.481742086951459214e+01,8.221616275190920931e+01,7.560201334572700205e+01,9.544604583388635888e+01,6.712759464801456488e+01,9.514019182568902977e+01,7.612340564347789496e+01,7.297110970245965689e+01,6.270293400977429599e+01,8.755662122534440073e+01,6.314842126697506330e+01,7.698965518652714479e+01,6.261775903938216459e+01,8.353234693837771374e+01,7.878676305839327654e+01,9.736006389147600260e+01,7.026160805517305619e+01,3.562386655007448866e+01,6.548855311541922219e+01,6.007937779425417801e+01,7.499047403306299486e+01,5.674501961692833873e+01,6.833307531991096084e+01,5.806262541321452630e+01,9.133886245366242917e+01,7.053199017810166538e+01,5.887994219747176317e+01,8.406175127159463045e+01,6.364921625115700010e+01,7.063389229210514486e+01,6.023664106569980703e+01,7.803434651415508938e+01,5.283369414605915182e+01,6.182844238300187101e+01,4.967061295651036090e+01,7.972745409655026094e+01,6.229257256166647494e+01,6.009939168861515668e+01,9.019428076384791382e+01,7.517732158868669501e+01,4.044607857957160491e+01,5.206918063690763177e+01,1.141455631296866073e+02,5.783736767149158453e+01,5.175746692101439095e+01,8.955925429731355791e+01,5.282640214763780762e+01,6.445822872634857958e+01,6.944640651202698223e+01,5.480076809246082803e+01,6.077234823383772522e+01,3.789276042881507323e+01,6.610639200773911739e+01,6.595258475562110334e+01,4.842803034617385549e+01,4.976139178683855135e+01,1.091167809953587096e+02,3.752578574473407969e+01,8.168937071056286925e+01,7.068688411519836734e+01,5.641998235944711837e+01,4.177689031514936602e+01,4.226818730040729122e+01,1.043376207503425661e+02,7.216138076890359798e+01,4.178747506647674470e+01,7.860078743541725999e+01,7.485098709423493801e+01,7.340802581851563957e+01,4.515376008324643209e+01,6.361134627874287872e+01,6.966048790396935431e+01,9.126665018661807949e+01,5.645589837026651736e+01,7.632103816031280985e+01,9.654711584950611325e+01,4.437408895339662962e+01,8.001186741858205664e+01,6.190662852888144130e+01,9.584512651346319956e+01,6.278512162753218462e+01,8.269134762641151326e+01,7.210108041534070367e+01,7.223704252527559788e+01,5.738427577972191784e+01,8.140316125128278202e+01,4.524879324973480266e+01,2.860336633619949609e+01,4.379493896346983917e+01,4.839437248739587005e+01,4.183134918486653220e+01,6.000841986762698355e+01,5.497278659645671439e+01,7.340875498924164333e+01,7.741022316366185407e+01,1.065712572540313232e+02,7.653821213140035695e+01,6.263035876849464501e+01,7.078879896524068727e+01,5.788525892434159914e+01,8.018616692106867561e+01,5.771348035417435085e+01,5.544345597012004134e+01,6.053883595872481749e+01,5.963893800277541857e+01,7.605923295720671717e+01,5.932129451908323148e+01,6.606490049794660990e+01,5.733834589461088171e+01,1.026107875358117241e+02,4.936408949331776341e+01,8.701631189729651794e+01,1.123297061749147332e+02,3.939343916145102753e+01,5.650344884791451250e+01,5.940297516266792144e+01,5.148981761683126734e+01,3.449044937710484504e+01,8.448082852757843852e+01,5.330949249954181113e+01,4.136674202526656785e+01,7.551073784097899022e+01,8.402109219853686284e+01,5.226657170582070933e+01,5.521384121190835970e+01,2.425982117912717584e+01,6.285156137263660270e+01,7.969773401026256465e+01,6.309455623733544627e+01,5.123014146644632660e+01,4.015673792358156646e+01,6.350665070149354108e+01,1.502467098741700013e+01
1.157639244770901428e+02,8.119209938120246761e+01,7.050934400146999792e+01,6.654254500474239364e+01,5.598802759778081395e+01,4.958165203547699207e+01,6.986300685313342740e+01,6.595745199761611843e+01,6.779517269884505026e+01,6.771798759803220946e+01,7.270101865365245430e+01,1.079741413156523606e+02,8.112810129745014365e+01,4.352030446294612887e+01,1.029613559781607250e+02,3.978331501582382401e+01,7.341267800854807035e+01,8.104836966519830810e+01,8.629239977578545506e+01,7.910083212406169650e+01,1.000269040715085538e+02,5.536977047886770720e+01,3.965955021404766256e+01,8.980297708143609725e+01,6.252949500584961129e+01,6.704132113586275921e+01,5.418633525843974041e+01,7.916443933753289741e+01,9.190421723252273978e+01,4.559427267301121134e+01,9.621846906680390532e+01,7.349998808409503681e+01,7.911337184990631499e+01,7.465786911203819898e+01,3.620028273696883758e+01,7.663496264356440690e+01,9.378613875361692465e+01,6.884431801342424251e+01,7.952794920647684762e+01,6.062691909167769921e+01,6.102663777732723815e+01,1.001319641041590387e+02,8.333486101743403651e+01,9.043166060788385607e+01,7.335928670959665965e+01,8.301052283721995195e+01,7.007935699073358649e+01,8.646354201911563564e+01,9.578950748909510082e+01,5.438591033081188186e+01,6.561232514381754299e+01,8.971290085881484799e+01,7.034341777959025421e+01,6.864159457009401422e+01,7.382267821568443367e+01,8.395111554175468882e+01,7.165883236136080825e+01,8.152819979150143581e+01,6.837470288119001793e+01,5.970516440302159822e+01,6.910389565752785757e+01,6.604041664093577424e+01,7.067587449678163125e+01,7.432351624592413941e+01,8.041327664435863198e+01,6.096974518381977504e+01,8.890013338776616081e+01,4.576723161232243342e+01,6.023749185282985508e+01,1.104673188313577725e+02,5.336208570356144065e+01,4.235016716221910826e+01,7.492572182760874000e+01,7.315893723959875672e+01,7.349988934055915024e+01,6.482000209307854277e+01,6.343465703704075764e+01,6.530292865141178993e+01,7.607825638843738147e+01,7.796461182685546021e+01,4.227337008027095067e+01,6.825000533821481952e+01,6.452991495851331649e+01,4.484352497318344888e+01,4.077645698209386893e+01,7.753295670681737306e+01,7.655822707421104667e+01,7.978179335772298941e+01,8.641819351721447617e+01,4.638519300493166497e+01,6.808929794514308753e+01,7.771917268260418155e+01,2.288091481398140914e+01,8.732049237736514158e+01,5.287474075248997707e+01,8.217419334804554865e+01,5.600210890662977192e+01,6.411734799190027445e+01,5.857118859451200876e+01,9.102672774958470825e+01,5.378753712721469782e+01,5.723246697730436949e+01,9.207896475098183942e+01,7.396748585946372145e+01,7.313715395948010212e+01,5.502465185067734410e+01,8.971413200151367562e+01,8.217801298737427373e+01,7.248110049353380191e+01,1.062408851964464276e+02,8.891250830689929785e+01,1.028964860569328579e+02,7.080053327678919572e+01,6.722585603059948767e+01,6.575946761775081484e+01,5.720628108651704480e+01,7.051715895579428661e+01,6.733118694489873235e+01,9.911620962130078283e+01,4.683863823010854333e+01,4.087339631128381967e+01,6.506250597988736217e+01,6.384053508933879328e+01,1.006909117388865980e+02,1.017749625784107508e+02,7.114959671845684852e+01,2.543390469248679153e+01,8.765892554631533073e+01,9.458338231395170226e+01,5.696019341268906544e+01,7.743966786600473995e+01,7.765076328558575369e+01,1.039597159662208412e+02,8.497469509842558466e+01,7.226976141706707324e+01,6.990051827256769457e+01,4.430239027117706030e+01,7.423418849477874915e+01,5.902789536047211527e+01,5.398227426209395219e+01,8.275286605339454127e+01,5.832186251153569145e+01,5.147443512969069701e+01,5.183235722134737955e+01,7.693897022486449089e+01,1.067727201914250230e+02,8.460763521259498532e+01,7.662777349754628631e+01,8.173568999781480215e+01,9.449650786610442310e+01,5.335833667005181979e+01,6.244041471984935043e+01,8.864410299817836858e+01,6.037732276130560649e+01,7.779427607743191686e+01,9.192416996364096349e+01,6.748160173943021789e+01,3.831936143933899075e+01,7.252159781248909098e+01,8.674347967594374609e+01,7.331321652264462330e+01,9.179734330631012540e+01,4.828891196871227720e+01,3.446549044999301969e+01,6.532617283770244399e+01,1.014673390267144271e+02,5.595534971889122744e+01,8.771904812650809902e+01,4.796316607097635654e+01,6.966651620668602618e+01,7.202928658166477760e+01,8.214053238447863237e+01,8.664620695492378388e+01,9.060189591827248989e+01,6.860951455858069892e+01,5.251401317913420286e+01,3.548317650546246682e+01,7.631091939936563051e+01,6.935921154859492788e+01,6.555899978906185765e+01,5.219037030590502724e+01,6.364144401920918881e+01,7.621003252854411869e+01,4.679158232540872575e+01,8.298317163180189482e+01,9.544022970517579552e+01,6.331005396720406253e+01,6.668070533765519770e+01,1.024181786475774345e+02,6.668787078265333435e+01,7.993803456312747358e+01,6.768971254658582382e+01,8.369785553419850999e+01,7.999272104319973664e+01,5.959393273145216341e+01,7.886984642641324683e+01,9.999251735802832286e+01,1.081381910775281767e+02,8.372366170863196544e+01,9.588347336106711793e+01,5.879507207175202410e+01,6.367371989229044971e+01,6.559709261038787531e+01,1.223579001511433404e+02,8.008232159949365325e+01,7.895646076082572051e+01,7.366194641941055465e+01,5.007551281591577208e+01,1.090860925729138557e+02,5.996539993887293463e+01,8.539463853702152107e+01,5.779780572714361853e+01,5.035837668781150001e+01,5.214248737856499361e+01,1.068694175176989489e+02,6.753198706750549718e+01,8.271773527123633585e+01,9.980648529934902058e+01,9.806099933569026916e+01,6.607148935394353373e+01,4.713839879970164048e+01,6.416597795164733498e+01,5.460958965950813848e+01,8.194156116605989837e+01,5.361885067333004429e+01,6.988812233125779017e+01,4.351870811156187102e+01,7.406404353117498829e+01,8.434155804033295567e+01,7.404022590479262078e+01,8.036571905247286907e+01,7.938947703244274123e+01,6.648759923886673562e+01,8.000515378847579484e+01,6.001106789780950379e+01,6.642637540857325007e+01,1.023305662346160005e+02,5.421617266265734258e+01,8.531270702209573642e+01,8.082850483406107855e+01,7.169535000613674924e+01,9.033287602825284068e+01,1.076129773040045876e+02,4.754632789429319217e+01,5.245347617648518934e+01,9.053331688489731732e+01,6.819238050950529839e+01,7.256625814648957373e+01,8.361476329091246384e+01,7.663585215785758464e+01
6.431142223899664145e+01,9.943638348889771805e+01,9.991308122485780530e+01,9.565738713340834920e+01,5.188864543516663019e+01,7.812462337866426765e+01,1.359851042786034725e+02,7.824402465079089097e+01,1.194950268592898226e+02,7.205716871827350190e+01,8.784479837278526304e+01,7.929946567978788607e+01,1.008905734032322528e+02,7.677134968484715216e+01,7.422185447191090191e+01,9.517297684737135910e+01,1.205491130255155809e+02,1.178239880468501042e+02,8.992258406170086005e+01,5.598281488612798285e+01,7.550263532410853884e+01,1.277152950300345253e+02,7.045264318226244882e+01,9.709531774726060860e+01,1.218848676256833699e+02,9.558295487016863490e+01,9.932131812507763868e+01,5.836098203825596897e+01,4.377691512649479222e+01,8.859855058710923004e+01,1.035591187005496465e+02,7.428970116973553672e+01,8.250303919617627457e+01,1.061293590655820225e+02,8.856249050474062301e+01,1.132058567496359558e+02,9.511748735608475158e+01,8.172447547043023519e+01,9.672353909498654900e+01,1.029082048122942581e+02,8.966946525566940807e+01,1.001943639175429439e+02,1.281171009960426659e+02,8.013464992626101946e+01,1.132835976133870730e+02,7.133924400176697134e+01,7.133133772959999419e+01,6.473074705351227465e+01,8.437649755702797449e+01,1.069684776991765602e+02,9.000006031066259027e+01,9.195169410898739670e+01,5.010624748049509236e+01,7.643820618836701897e+01,1.202771453261261030e+02,6.343449665858441477e+01,8.090415890528313980e+01,7.570853460200568463e+01,6.790259759623511115e+01,9.863740044752771041e+01,1.097220631957070367e+02,7.608187558639374970e+01,6.780196345977310557e+01,8.068817713120539281e+01,6.095479803567830146e+01,8.527298212670906707e+01,8.279021030074650866e+01,7.347224764249456541e+01,4.577626885771540799e+01,9.549570483979212554e+01,8.998398909023293868e+01,9.698778752179295282e+01,8.678865288709765480e+01,6.655282268196010875e+01,5.327285985023338100e+01,7.169334445720885185e+01,9.485977396887396651e+01,8.237436481405691779e+01,8.664798209324619904e+01,1.052589640470862378e+02,1.195261203122840072e+02,9.860991558376913702e+01,8.227311209336957631e+01,1.059555065444274504e+02,7.205448418999017690e+01,9.431903687454361318e+01,7.070751708991579676e+01,4.812325505477708276e+01,7.662670535182866161e+01,8.658795522057654637e+01,8.386267384102144717e+01,7.897092265508973696e+01,1.060600582406625421e+02,9.496472624120592343e+01,7.820946817385852512e+01,8.940355392607764884e+01,1.283166680542320535e+02,8.421565971365251357e+01,7.443658115079389859e+01,6.287238431548730944e+01,9.377734840296575669e+01,5.230152179276583979e+01,7.905899363491120369e+01,8.544227192083127420e+01,9.466410503166349599e+01,7.210734407958481995e+01,7.882046095622663984e+01,8.313509387576895904e+01,6.218393287019131321e+01,6.659629931865362096e+01,1.148776046282690402e+02,6.675117591165363251e+01,9.708746984024998028e+01,1.004058337486017649e+02,1.013369265197186309e+02,9.910408916416659508e+01,6.594505824637775504e+01,5.398478968648530696e+01,5.296449407469926030e+01,7.583178112569079588e+01,7.149258862707856110e+01,6.385570869068528310e+01,8.790350701443051662e+01,1.029647723487443898e+02,6.755316396264070988e+01,7.091534064804709203e+01,1.126366452356966477e+02,7.976982202920956411e+01,7.654767082644207221e+01,7.059473633870619835e+01,6.991592341244893305e+01,9.614160423806031019e+01,9.598965212269956737e+01,7.391026925740644060e+01,9.740491890236376094e+01,7.291609602591820760e+01,7.158832509494686747e+01,1.067583680898031702e+02,7.556062819448717960e+01,1.022746032999403809e+02,1.084607548716276568e+02,8.142854558115320174e+01,8.646173793098202509e+01,8.281601582789355120e+01,8.263686219953046930e+01,8.880983532088264099e+01,7.749935420330058378e+01,8.897649594326867373e+01,8.196096869634519066e+01,1.048917877032663739e+02,7.166917147700549151e+01,8.419681752854954482e+01,9.478167040023056700e+01,9.188601294569352262e+01,9.861481229151264927e+01,8.675847519533921570e+01,6.894371213827497513e+01,1.196039712351040691e+02,9.466301374062132368e+01,8.865621125033347028e+01,7.091491792632029956e+01,9.771723406437045867e+01,7.794463739387801127e+01,9.381301156217654125e+01,7.525635132381422920e+01,8.254193346446929525e+01,8.155028814609215715e+01,8.467198471530788595e+01,8.777329247340911422e+01,8.803300215448582833e+01,8.165340203152234722e+01,7.396901950480670962e+01,8.768989823944886552e+01,1.062202020043264525e+02,7.327859778145926839e+01,6.533662839427694280e+01,7.313879329020377895e+01,1.127809221235312833e+02,1.121169760895755445e+02,6.618377381124345504e+01,6.121150273349240933e+01,5.502964635277800198e+01,8.733444011694679432e+01,6.775201167925624191e+01,6.956139213811047739e+01,9.521680080239791266e+01,1.040113794210876250e+02,9.826253869589862688e+01,8.479346103577285021e+01,6.624629432435558840e+01,1.032600771426107258e+02,7.264500836194558531e+01,6.765457248148042879e+01,7.744424737280412785e+01,8.203563776039962363e+01,7.975310738511787179e+01,9.718723555746278464e+01,4.919963809122475595e+01,9.629212310932811647e+01,7.056728090042540202e+01,1.254693226148956455e+02,9.262679959476420777e+01,7.083738351149902712e+01,8.148672342353846432e+01,1.011915982309449475e+02,1.122882062829002052e+02,3.904911428616404834e+01,7.863861376901689937e+01,9.039778173493068891e+01,7.370044596408541793e+01,5.547671763253826782e+01,1.056239011443819749e+02,8.859316981042526606e+01,3.993274705176873596e+01,8.936151303667806189e+01,7.688645752557236790e+01,8.772564232739559031e+01,6.595460486261099220e+01,9.952113412480652244e+01,7.995125495288517925e+01,6.922759410979647043e+01,9.528022987194795235e+01,8.010661569647967895e+01,9.372462706292230905e+01,8.222291200422853308e+01,6.983043690247465918e+01,8.678990887907984586e+01,1.075587506613241402e+02,6.541888322780972942e+01,9.531374308154408936e+01,8.539249899972033120e+01,9.467320192636340437e+01,8.245189611428457965e+01,7.921467989165775236e+01,7.340265698772986980e+01,8.064256064630944820e+01,8.354207746748132024e+01,9.681385208506476658e+01,6.706167742510075414e+01,6.581293262086116158e+01,9.281418231262222207e+01,7.840641345770089288e+01,8.144193421159270940e+01,9.150941932377084242e+01,7.555071886463957753e+01,4.912220148503787698e+01,7.405869635448776478e+01,8.179164942800441906e+01,1.009670687376791420e+02,1.110444186262607502e+02
8.120184041722585278e+01,6.985195949167099627e+01,6.666327662797256437e+01,2.332404871196327178e+01,4.573212467628292899e+01,7.182050481517833873e+01,4.308667840920031722e+01,6.949873265379046927e+01,5.747808432015960989e+01,4.725328183327840037e+01,1.023360784156904515e+02,9.180979001563801489e+01,7.579019692654544826e+01,5.520582521663573772e+01,4.282099487955370876e+01,8.981640347583928019e+01,9.475576305514972830e+01,9.146361413201258017e+01,8.290653503733894070e+01,3.989035348529729674e+01,4.560703235575279280e+01,5.954279435498301609e+01,5.511206914830474801e+01,6.027379111924611976e+01,4.816062070654020033e+01,3.584809942143650829e+01,4.665163772271159814e+01,7.004749335152762058e+01,8.355384637352275945e+01,6.085211588238632885e+01,3.531069748799524177e+01,4.641329019805206002e+01,7.202723192891689052e+01,3.789746844153689409e+01,8.644233208472769547e+01,5.368194584352782073e+01,6.515986608324662654e+01,7.081377515607363193e+01,7.414037131970951577e+01,7.705028902987172046e+01,4.762220274244511842e+01,6.475068666826193464e+01,6.680409902474802664e+01,6.210562252905264558e+01,2.570289259074197830e+01,7.041249557929526759e+01,5.399781234870708602e+01,7.321372471160391626e+01,6.209614963731166171e+01,4.462110982899111633e+01,1.016276804883362814e+02,7.224064340403064932e+01,7.589281022239615027e+01,6.590100115578906070e+01,7.096745764003766510e+01,6.335107105701847985e+01,8.817360387214284856e+01,9.617926771483826087e+01,7.520399213379640457e+01,1.235763107736520396e+02,7.377375067835453137e+01,5.651278966954724581e+01,5.357994762035892222e+01,5.566288770372878503e+01,6.720704144146858994e+01,6.556469510003915957e+01,8.677237903023960541e+01,6.275876126655924736e+01,7.726994058373570340e+01,2.869630966247458304e+01,5.718607344538045822e+01,1.008767065637203615e+02,5.481649021520937737e+01,1.015123900761477955e+02,5.395598399567749226e+01,1.043500123784494207e+02,1.070789461635090163e+02,9.423300826979202327e+01,8.732677712512902701e+01,6.380003501728143078e+01,5.178526422102995497e+01,7.034299062912997158e+01,8.802342436328187603e+01,8.522251002469070613e+01,6.558987821766328352e+01,4.769794593690640738e+01,7.264269587031783715e+01,7.902415766868806202e+01,7.492227440455359044e+01,4.040547789580241300e+01,5.420066802649651549e+01,3.142348421915669832e+01,6.932481032827234912e+01,5.623577508312770590e+01,1.052565829051980018e+02,6.803018126999550930e+01,4.312909307586357954e+01,4.357866369317562771e+01,6.902809434263157584e+01,5.297850955470391199e+01,5.547553115569646565e+01,8.483400200761963106e+01,9.880337350279518205e+01,6.682049111624434090e+01,8.178766453496520228e+01,7.600168254409298640e+01,5.248993276657161289e+01,4.582599946756509723e+01,6.462042280540877925e+01,7.256038967664709105e+01,4.465730932472365566e+01,7.385027901835861996e+01,7.194788289940835568e+01,9.599772960594098947e+01,6.760332762755516001e+01,6.763893746878518698e+01,4.690616732038721892e+01,3.075191853588863111e+01,7.580516396556012637e+01,4.054933956944743301e+01,9.507675459550736718e+01,6.963491160153061799e+01,7.949299618865592265e+01,6.633937112313678597e+01,5.296765672141196291e+01,4.708717573890974961e+01,8.411662518840414293e+01,5.410858463782611949e+01,3.981912320477299971e+01,5.895233548704209170e+01,1.053855439431097238e+02,5.237460231680352507e+01,8.007680331584214173e+01,5.530300531028655087e+01,6.276858723776956595e+01,3.817768411839057308e+01,3.078068597004865836e+01,6.512079348409767476e+01,6.306167931373924773e+01,8.298479378118487659e+01,4.959097312972099303e+01,7.530360299074814634e+01,7.034880986132559144e+01,3.529994626446889328e+01,6.559999526934629444e+01,6.542898055654698908e+01,7.752855379593040652e+01,5.813700472464250879e+01,7.502415379696698494e+01,4.271304489339823363e+01,7.798614091375617363e+01,4.723549050928544091e+01,4.191888820337004518e+01,7.994502016006065048e+01,6.521485843230740898e+01,7.139527726275608188e+01,6.591952461052429157e+01,7.725867716490753878e+01,8.248726537071465259e+01,6.405094812001804883e+01,6.209370144901096467e+01,7.013143823834674606e+01,4.724790272292418081e+01,7.582521922281358684e+01,6.616409908067527113e+01,4.388171409287973290e+01,7.143032257271030971e+01,5.602187654437112485e+01,5.615245634803927288e+01,5.794399015407729792e+01,8.456021844486308225e+01,7.105384686377701087e+01,5.913958507103915707e+01,4.969954565377639710e+01,3.824752823800252344e+01,9.560644412146795901e+01,6.804735880484741983e+01,4.300630656884462155e+01,6.166091802040425307e+01,6.349296408876554665e+01,6.608844826612758538e+01,5.954588838065248524e+01,8.627111825873149087e+01,7.236150707869839493e+01,4.396846816853093287e+01,7.858892421826784869e+01,8.806506789617137088e+01,4.902817948665560976e+01,6.185417705712828251e+01,7.182796006834429647e+01,5.507783808964516936e+01,7.410471179630306438e+01,7.278922079955083291e+01,4.006624551130172307e+01,8.212145580540953915e+01,5.337943206811321772e+01,6.731117986701518419e+01,8.023068183024253130e+01,6.756096287340001538e+01,1.134256217225772474e+02,6.225587767554351615e+01,8.114597062930600657e+01,4.620169959573865981e+01,5.568290649023332151e+01,1.083430654015613612e+02,5.664544041107811267e+01,8.726587812457599114e+01,3.610875169862555367e+01,7.677326079374219603e+01,8.086970394485021529e+01,1.074934156110845436e+02,5.113609810673611378e+01,4.985439940187724517e+01,7.124163713871368486e+01,4.029884508352893135e+01,7.186858718017461456e+01,6.686812993853776277e+01,8.733141876749446908e+01,7.116916805881153607e+01,7.162717708605819666e+01,5.136789473525455918e+01,4.125443229242806353e+01,9.097435941202159881e+01,5.251073176033769130e+01,5.420021741680517380e+01,5.128877092742844468e+01,1.073583525023248058e+02,5.369311956269935138e+01,4.259266299181523152e+01,7.910583408255637039e+01,9.609560396650651626e+01,8.900474066496074954e+01,4.354640464555160406e+01,8.150199975453550394e+01,5.685329126540204925e+01,6.863944997515758928e+01,8.470729626599059259e+01,1.000548351781248755e+02,8.306659019061861216e+01,8.262394531835199984e+01,3.787980938622492033e+01,7.918160744784981375e+01,8.720904034783663406e+01,5.386161870026334952e+01,8.421910435454802268e+01,7.342671872011193557e+01,7.775818618055443210e+01,4.027250448124475213e+01,5.922865489233073788e+01,6.067882892740094292e+01
6.871741080557366388e+01,5.948471578293909090e+01,7.325071797249762540e+01,9.693522488412033056e+01,8.151778500325031018e+01,6.440982204533669631e+01,7.042837895643658896e+01,1.080645605465272894e+02,8.383285368758124889e+01,9.288923830849428498e+01,6.295174449456988697e+01,8.742228671630230963e+01,8.972337329439645259e+01,9.929953491868312199e+01,5.352741081853529437e+01,8.634659658464622112e+01,7.060182997697937424e+01,7.388691721729016137e+01,5.531569239846641750e+01,6.978078844083084675e+01,8.944070459486296443e+01,6.348635396339773251e+01,9.425588124096657339e+01,8.822226747644045020e+01,9.165396006095745918e+01,7.206572333560845323e+01,6.369241362408953933e+01,7.856311867266596494e+01,6.361492658146350720e+01,7.548902700840450564e+01,7.937240018173379497e+01,8.520047804843459005e+01,7.787878810886017789e+01,7.856118011649756738e+01,7.770847395215402287e+01,7.334176406753795163e+01,9.084875939859419702e+01,7.231643726219625989e+01,7.122682429410738791e+01,5.962832748835230490e+01,8.284533073701082628e+01,6.120368592847432154e+01,7.776082952602116904e+01,5.529892923507890146e+01,1.002730540931155332e+02,8.288862697598945317e+01,7.288748908284159711e+01,6.912588961128609810e+01,7.892114730672469136e+01,8.367026841904559831e+01,1.172731025762339243e+02,1.066592217572231647e+02,6.767712669791724522e+01,8.257210329770705926e+01,7.817348088360827774e+01,7.993459591732701597e+01,8.186912772293361229e+01,5.667246776843567346e+01,7.598353222268990237e+01,1.001580261984989733e+02,8.708804960778701343e+01,7.655678123626032061e+01,7.266687026111749503e+01,6.585027421341497700e+01,6.740446063670961507e+01,7.338610460880896369e+01,7.363526893505687099e+01,8.618144172748998244e+01,6.058385316177571411e+01,6.513874194868192546e+01,5.218581345182650466e+01,9.168528045110305413e+01,8.720019767011707756e+01,7.042947639592587450e+01,7.652954088006011091e+01,8.593333149063751364e+01,6.271781251878955032e+01,6.731292653730508846e+01,9.333568014161785698e+01,9.313521323419460884e+01,1.169041014171819910e+02,7.898901718467863020e+01,8.388684636705006881e+01,8.100482009005634154e+01,9.594110788299221326e+01,8.851938332466222903e+01,7.246432557332239810e+01,6.852146542241196414e+01,7.211903019020579109e+01,6.129323053475258121e+01,7.786319157590767759e+01,8.960519666477742362e+01,3.730630439376311358e+01,8.937453722801174649e+01,8.336324480007024817e+01,5.841332346060053027e+01,7.371935002964718819e+01,9.689224342741921703e+01,7.210474217312285816e+01,7.289676440628754506e+01,9.175539602490273694e+01,8.651478910005423018e+01,6.315981177698374438e+01,8.055200161744669174e+01,6.359870901460828918e+01,8.107992006764418136e+01,5.456852344997974313e+01,1.009819863344144437e+02,6.998380251002259911e+01,7.245292175273597479e+01,7.469559520668046559e+01,8.297280964096557909e+01,8.059444281600418947e+01,7.878484346911247371e+01,7.861457726692084691e+01,5.179037931365910907e+01,5.824254812700143447e+01,1.080828588541104551e+02,6.404616250613030104e+01,7.778291201721427228e+01,6.454702108472832833e+01,9.549870240737526217e+01,8.489671800274325619e+01,7.410419137846149340e+01,7.822444944657107158e+01,6.290932059391226261e+01,1.074269415492006914e+02,8.534459918204771611e+01,5.866255454425628812e+01,4.683191272204708611e+01,6.780808459762485541e+01,9.658112665117648987e+01,8.497559114062438823e+01,7.273676115093925887e+01,7.153643100901531682e+01,8.397819489789168301e+01,7.145856348291569304e+01,6.427037076326843135e+01,6.643139230210925916e+01,8.712450359841130876e+01,7.579242371807976042e+01,5.856887193736885422e+01,8.845454783007785693e+01,7.636145925992281036e+01,6.908043439466794666e+01,8.935865805395110328e+01,9.638373476893929137e+01,7.114595577362757695e+01,6.649950158909625486e+01,1.150089757332685707e+02,7.037918220574013617e+01,8.131687027942912493e+01,9.757205439977303740e+01,5.320872585510742425e+01,7.387300736779300792e+01,6.076358392446442025e+01,6.729627070924385634e+01,8.105495889141420207e+01,8.641740942599044217e+01,6.081197458812804513e+01,8.916235110684039000e+01,6.269936121985072930e+01,1.050969043802401188e+02,4.755703042296284622e+01,8.784030028514388277e+01,9.099467471803141905e+01,7.961987493232599888e+01,9.335683326450872244e+01,7.309502255238217572e+01,1.016931438419722014e+02,8.582756115113738815e+01,5.843530773029340963e+01,7.903595374692545761e+01,5.090075157227656177e+01,6.908016097507248787e+01,5.580624198785073276e+01,6.863027482263483137e+01,8.656663443783435241e+01,7.638968441603627468e+01,4.030754489245913419e+01,7.508636291097268156e+01,9.251985625015069559e+01,7.288826665024039642e+01,7.658188478705950786e+01,6.480596113769587419e+01,8.787354887796900016e+01,7.719490837162088326e+01,4.812901572129729288e+01,7.199132892797197769e+01,1.039108541372496433e+02,7.521383610930126906e+01,5.962180831671665260e+01,1.129222569451671916e+02,4.383385179127874665e+01,8.530011758307118441e+01,8.457275239637505138e+01,7.117288075626626664e+01,6.001949077977182156e+01,7.716603266256231564e+01,5.967293366771768603e+01,6.798940020715178889e+01,8.626807216564075986e+01,6.507035029533689396e+01,1.052696837888102124e+02,7.596431882926910362e+01,1.022730536566512853e+02,8.545329755764915092e+01,6.595634978248958191e+01,7.947212166915042530e+01,7.326485010151935739e+01,7.710806609609252860e+01,7.737353596848711845e+01,8.415526459719326624e+01,8.198537889138042090e+01,8.605530107677573426e+01,8.849317196984480915e+01,9.669107398446612933e+01,6.671404039887129045e+01,1.096952789782628912e+02,1.069573838229713942e+02,6.334966517994492818e+01,8.378373170248501367e+01,9.537641305381123402e+01,8.042729985462872833e+01,7.016449241011113713e+01,1.023797940734882701e+02,8.270731137002842104e+01,9.426248877438207785e+01,8.485032439289099671e+01,8.000502121583227222e+01,9.061354811456597247e+01,7.027096768089737111e+01,9.899027538170217611e+01,6.808783353189292598e+01,5.745929127637658951e+01,7.175794217178132328e+01,7.203889458618849062e+01,6.458951711455634381e+01,7.483024045270688873e+01,7.302302620102824449e+01,7.749139288896174094e+01,6.724196674710334776e+01,7.446509163666418374e+01,9.320915795637039025e+01,4.300811619751849690e+01,6.318394049892005881e+01,5.759170943491851347e+01,7.879100891325208522e+01,7.369645295393196704e+01,5.188208179807545406e+01
5.444132270857365086e+01,5.279955007311367865e+01,3.684161536353163768e+01,3.727371233494727676e+01,7.344993000358732615e+01,7.228515762117342547e+01,2.724642256364286652e+01,3.357759071867326384e+01,7.647528600559891743e+01,2.591826502356362738e+01,4.807357443825652865e+01,1.630708154836506196e+01,4.899092120185277111e+01,5.249292055746514762e+01,7.946598742236213297e+01,5.484781120641731889e+01,7.487825372524122258e+01,6.088658406272360679e+01,3.757859749952506689e+01,7.594921599130293544e+01,4.606604600210772560e+01,8.421590092490568225e+01,7.027010695478500679e+01,3.852919807998895863e+01,5.570055188670426105e+01,6.726289660776090784e+01,7.706742440119906234e+01,5.148099229837295354e+01,5.646929477983044876e+01,4.805260507743453502e+01,7.406471323112248228e+01,3.019027020621811275e+01,8.135840005437364653e+01,9.789946616071350149e+01,6.105434518335761851e+01,4.359811496950098331e+01,4.553761901137030321e+01,4.576917886151434089e+01,8.845109242850193709e+01,4.383959894119975331e+01,4.611217991354557455e+01,3.662350460886383985e+01,6.180391073419213654e+01,2.405938250065796069e+01,5.886163460843757633e+01,7.290421532763423329e+01,6.322653455552295299e+01,6.811722504500197317e+01,3.326198812157277729e+01,6.382293195775690009e+01,7.650923682029802819e+01,2.853095764060198647e+01,6.983375358501062635e+01,5.756864280020060676e+01,9.100979949311121686e+01,6.690707081267140666e+01,5.440123674774731199e+01,5.504944182337027314e+01,7.624844242490408419e+01,6.372244736191609604e+01,7.511112547437255671e+01,7.874646215233201474e+01,5.985853041718415568e+01,7.468747666511623606e+01,5.711538904429581720e+01,6.031175435969502274e+01,6.250798060890319618e+01,6.004873008659210143e+01,5.277450347128910835e+01,5.292428005188114781e+01,5.809529235796813396e+01,5.847808161053829679e+01,4.114299636981654373e+01,2.178062194803537466e+01,5.568656594767993084e+01,6.030056013907913126e+01,3.129233126508103879e+01,4.438651395788633636e+01,3.308992140316390618e+01,7.174829386392515573e+01,8.005070989378752699e+01,6.257352689099889886e+01,5.626229618427257151e+01,5.545048960770620283e+01,8.861439403605753284e+01,3.983305135126762764e+01,4.404243141790393423e+01,5.012433461474411445e+01,3.758571457233200874e+01,7.019100027601695047e+01,3.735937573449806592e+01,2.584520250335555502e+01,1.007448589087673696e+02,7.941888615980509769e+01,3.847827269631549996e+01,4.043877768005130235e+01,7.005996705031468252e+01,7.575149940493552947e+01,4.341859168715771489e+01,7.769454892056172923e+01,5.615649348040894751e+01,4.460774429632287763e+01,7.971505513584811808e+01,4.415117148097281330e+01,6.454490491122811591e+01,6.145975778050210181e+01,6.071128749037062278e+01,6.470278432395215873e+01,3.238800535306746298e+01,3.370249739719897519e+01,4.183034663080965032e+01,5.651179063186011575e+01,9.504482669717350518e+01,4.753145120615508290e+01,4.632831276606866311e+01,4.970938042856742101e+01,7.038699016509205819e+01,7.587006499389616465e+01,6.693335642513729056e+01,6.181663159467552049e+01,4.535854157603044712e+01,4.313835404550133035e+01,6.072923429329439671e+01,2.379745208180495908e+01,6.592954936526906806e+01,9.348239922112293243e+01,6.917890056143278343e+01,3.865629821984411763e+01,6.029000699660659990e+01,5.884821726528669217e+01,5.801925130836472277e+01,7.462948117638839562e+01,6.434946856768814882e+01,8.884441900641287759e+01,4.375730587696502738e+01,5.437991398365831941e+01,4.870537223301862895e+01,5.236786602451133632e+01,7.502047472668412809e+01,6.298964481140991012e+01,6.109080084819215983e+01,5.558075529023226835e+01,5.789051844670900238e+01,5.819391348622298210e+01,3.219418623596542517e+01,5.271791396058946333e+01,8.299997978722890934e+01,5.697589662908917774e+01,5.358847704262824863e+01,2.276214692606715317e+01,6.931192456095379839e+01,7.968690620515017997e+01,2.623130571336445627e+01,6.820442043179042457e+01,1.481509856933904246e+01,8.891998906459284058e+01,6.305164106640189203e+01,4.518622007258122864e+01,6.479790655916055186e+01,6.136519055902974173e+01,5.095080528775392281e+01,6.009426771450501548e+01,5.443478151857652847e+01,6.680696362407790900e+01,3.624260636276962089e+01,5.426380154676905221e+01,9.348892246031782349e+01,5.321263079237269977e+01,6.448468026082920801e+01,4.019349742112134294e+01,4.376770996638944666e+01,4.811825816284274282e+01,4.960210708990329920e+01,7.879141798026446963e+01,5.042530531350810463e+01,6.679147917157551717e+01,5.976971518096903679e+01,8.580601526770799126e+01,7.405241918614800056e+01,7.058049793475072420e+01,4.637078625651444241e+01,6.317129243680171413e+01,3.326701310485712781e+01,5.311624813269994405e+01,5.839913644402995629e+01,7.131371864688989604e+01,6.914666787418805427e+01,4.887951547187132206e+01,2.073216650273550599e+01,3.247567742957202341e+01,7.172444369789397456e+01,6.045550794371256131e+01,4.198507984050942099e+01,5.250396842021380905e+01,4.853524303594701905e+01,4.734895696098183038e+01,2.458784287697734072e+01,4.811918849933009312e+01,3.433542947175707383e+01,7.436922539069881566e+01,7.257941461541597050e+01,3.012461383101032908e+01,6.157765005094918820e+01,4.564213540879417508e+01,3.085886443463639850e+01,3.146319213784664370e+01,4.819433423729278587e+01,6.525315772685596016e+01,7.474849905814339479e+01,3.189419341826827292e+01,8.638493313997919643e+01,7.288491790802488879e+01,4.707976256077128596e+01,3.491732385289302698e+01,7.122944979981366487e+01,4.228490776950184227e+01,7.224631937938116266e+01,4.814036910447443773e+01,8.671549877003751305e+01,4.533649261716398371e+01,7.729241374145978227e+01,6.130378058286785858e+01,6.197001119046551310e+01,4.536304276740184349e+01,5.431077297639646417e+01,7.420052655271702235e+01,6.584957165927919220e+01,4.647271950935942897e+01,7.511808904193934211e+01,5.753316362180872545e+01,3.625834042978576832e+01,4.888368563692069557e+01,4.950487312727972977e+01,2.873674141670300841e+01,6.079116038036130476e+01,3.407971894207251040e+01,7.580493943397696910e+01,5.469675564757254449e+01,4.923907446859767845e+01,4.483235861179142745e+01,4.524987068594566608e+01,3.937222755254951068e+01,6.274865721676707864e+01,6.657950376587967867e+01,4.990328885790456326e+01,6.658769286588419334e+01,5.248663103024357213e+01,3.777700731530298839e+01,4.455055708072954701e+01,5.993673578756533971e+01
2.170463043409620241e+01,4.891733970425102029e+01,6.524929887378455362e+01,3.187336704522154918e+01,3.024271748424143880e+01,7.412640959742661551e+01,6.748417338840297930e+01,6.411793687146520426e+01,2.154663174400892345e+01,3.385633942290988330e+01,5.431102355854811492e+01,6.293471139155752780e+01,5.685927858899286491e+01,5.749620342012976693e+01,3.840214588282186980e+01,9.161481431969660605e+01,1.009673913538279919e+02,2.307139789471235147e+01,6.806527051879753287e+01,7.965737579496935439e+01,1.070134797932029969e+01,5.792125300606016935e+01,3.212217874095937731e+01,7.147827769787494390e+01,7.381396734446271424e+00,4.279386304863847812e+01,5.020459524675212748e+01,7.043058468933921290e+00,4.443177413972910017e+01,8.695271545669683633e+01,7.833387613586801024e+01,6.187845235450558334e+01,5.032222674500430770e+01,8.180436692960867617e+01,5.532867068232032182e+01,5.717383751734140418e+01,6.916011946129880528e+01,5.151167912149093553e+01,2.824331083747182802e+01,7.392866070767172459e+01,7.374826635360550142e+01,9.050238239863374190e+01,7.013177840862718426e+01,5.466017050723352355e+01,1.005279258122766208e+02,2.814415329776990049e+01,7.217285971877841178e+01,3.377140534813224804e+01,5.987862581124350925e+01,6.565210796389798986e+01,1.004842394452320633e+02,1.123334007568693949e+02,6.976506712957228729e+01,6.856621351259269659e+01,5.896333573305346931e+01,5.188547581742716375e+01,3.799698168533029019e+01,8.478111643358455751e+01,6.340135877236148332e+01,5.631271173262221907e+01,8.651719900112072992e+01,9.729029328659455800e+00,7.667802594862976662e+01,3.481665836816617343e+01,6.351266051204248697e+01,4.672200072216579514e+01,2.220237976826245330e+01,7.781905324131403745e+01,4.072110802112555916e+01,5.589960981491147862e+01,7.828529056323951352e+01,7.004376165982888836e+01,8.312793951088076483e+01,5.717368137392407590e+01,7.346130704608084727e+01,6.327299311950687155e+01,4.290078151841529319e+01,4.712109645142060543e+01,4.012682129985078916e+01,5.773323805549090793e+01,8.102465540562945989e+01,5.673756111562453697e+01,5.483919192907545437e+01,4.902483280614914918e+01,5.322585567957163022e+01,4.109477807362709001e+01,5.968802322518615711e+01,6.915056103955105016e+01,7.085531253140575814e+01,6.674241991339859226e+01,5.581868010346173037e+01,7.688112048604294557e+01,3.010335962912156305e+01,5.588422890851165192e+01,6.234448917408061419e+01,5.547942540860761085e+01,7.203965276145252972e+01,7.585026203124897393e+01,3.905925646882240443e+01,4.132893896227548680e+01,6.345166378039667876e+01,5.185037182103960873e+01,6.155227900431416543e+01,4.348600378183954263e+01,3.376665232814208650e+01,3.964834585425690250e+01,1.735974980409401525e+01,7.455109186121322296e+01,4.774632161711428324e+01,4.131634102702395950e+01,6.311045549442124525e+01,8.227670274184276877e+01,6.087178035921674990e+01,6.202002393452514184e+01,5.768322143160914095e+01,5.028310693613316573e+01,1.287187657827577603e+01,7.955778174522205859e+01,3.144064843289262257e+01,5.975820503817861606e+01,1.608773398510085428e+01,3.277101438509487963e+01,4.508224092594618071e+01,2.432192200760126966e+01,5.432236834732104569e+01,6.066400465748527893e+01,4.262976195748384356e+01,1.942401580263422289e+01,5.236111966102534865e+01,2.688618518158629200e+01,4.547095220213424227e+01,8.684883383586385719e+01,1.858946493927876986e+01,5.978090538525898268e+01,4.581567851314530770e+01,7.787887449874494905e+01,3.040941976452943862e+01,6.409229575294672543e+01,4.244834706420802206e+01,6.614044749445500315e+01,5.423193957561510814e+01,4.116222516363116313e+01,3.445464889620513560e+01,6.164692590197839195e+01,7.187065322791858080e+01,3.920748224172906760e+01,6.664879112999510369e+01,5.018908698547517133e+01,6.054161355232407971e+01,5.265097362779358292e+01,4.600293964308004746e+01,6.216369858980159080e+01,8.848514506114307210e+01,3.767686941758962860e+01,5.331793935660464712e+01,4.900160948162149310e+01,6.114914056617122640e+01,2.985377228149310369e+01,4.502371846985600712e+01,2.964644005950118810e+01,1.002611348174572896e+02,4.303125801209218082e+01,2.704308958052665446e+01,2.688638239396984631e+01,6.695332326726490635e+01,5.420825228891155234e+01,4.756094648482876863e+01,5.488549684035086074e+01,8.138071289559917432e+01,7.195759528101778812e+01,4.748352151854175673e+01,7.267262081035394772e+01,3.418766139611020805e+01,3.969373578927652346e+01,6.008765873115405753e+01,5.123134767228573594e+01,2.366164837430144274e+01,6.247268616309781208e+01,7.656686017526058663e+01,3.505496874836554611e+01,2.984072434341668512e+01,4.958246287102620897e+01,7.307068815198043410e+01,5.403689739014269122e+01,3.369155885173245935e+01,3.878733696930661523e+01,7.220592508169137602e+01,2.106374380636481902e+01,6.016851100906389149e+01,5.646631343161711669e+01,9.237406459715516860e+01,6.800325084426368960e+01,7.488524414924599171e+01,1.081963730297735253e+02,5.962778581177403225e+01,4.784868148115244679e+01,5.160305189265860548e+01,7.058495240413046190e+01,5.558224602795730362e+01,2.540147184739112163e+01,2.947537195220216333e+01,5.019241351311874411e+01,4.911848121132623390e+01,5.912967573807649302e+01,5.687569954264104410e+01,5.297805557120148023e+01,9.023900978153578478e+01,3.290839211416319898e+01,4.136928549821209344e+01,1.033326775089559817e+02,4.735877167097982010e+01,4.264398344328174772e+01,5.873956468477970816e+01,3.271002668422948290e+01,4.232916570614067098e+01,4.526832701246603818e+01,2.854208786340463178e+01,2.475979584250925569e+01,6.094005324508316335e+01,5.844792523885173807e+01,2.703743340792641447e+01,7.774668963792248633e+01,2.119566288249172104e+01,4.460853948691685389e+01,5.279772801262043203e+01,3.325174267611034651e+01,5.157951730651414834e+01,1.139134899661909373e+01,6.696582514879615644e+01,8.615547039899178117e+01,8.290364332827429905e+01,4.478858999846681144e+01,7.220259693938844237e+01,7.488011440237531247e+01,4.271949721048082438e+01,8.275456898276797801e+01,2.774974067174645143e+01,5.608113264739778714e+01,7.302598155974405358e+01,5.916369241922183875e+01,5.593929013384304483e+01,3.876972869420598045e+01,1.124282263392236700e+02,1.317222723242232263e+01,4.662441437256827470e+01,5.291039274865210729e+01,6.476649567080502834e+01,5.136633288964539190e+01,6.689925703495597986e+01,3.406625738444273566e+01
4.759273512725447297e+00,6.212504023511098694e+01,4.792074600723023536e+01,3.899279163322693620e+01,3.153403741396884996e+01,2.894409985493729920e+01,2.575499020535770356e+01,6.352842721029253426e+01,5.585821356355291556e+01,6.590980346151853553e+01,2.756658428127135707e+01,5.784057316284878425e+01,6.007772488385117526e+01,0.000000000000000000e+00,3.521474393897724298e+01,1.016189452666906945e+01,5.382170216350758096e+01,5.753253965504081435e+01,3.942370217627733098e+01,5.459549085865948825e+01,4.534067462812157601e+01,4.277900769140683934e+01,3.798220757947179038e+01,3.826091286285351600e+01,4.017785164100385487e+01,1.727467544720304105e+01,2.352182908467274913e+01,1.637174548469669588e+01,7.531244081326447315e+01,8.530315776535196903e+01,4.597729971751252975e+01,7.867870945540637706e+01,3.139130552064239410e+01,2.668488996721987405e+01,3.787187759199110815e+01,1.825603163642430005e+01,3.563043100056358981e+01,4.618672225136850074e+01,3.041740078124155033e+01,1.271189096969758126e+01,4.157620239314884003e+01,4.564645373590366972e+01,6.404508077466591942e+01,4.593093748694438716e+01,7.209328955302723330e+01,3.072925912966514161e+01,3.804288267032033843e+01,4.932509241433417202e+01,8.201995204475944945e+01,4.149256974010476284e+01,4.464262377621123079e+01,5.468141078044870085e+01,6.739608260104191118e+01,8.498866453080749750e+01,1.639567795368817826e+01,3.995650110690638002e+01,6.071090115721590053e+01,1.800880633947561194e+01,2.508231069447154127e+01,5.028353516303813819e+01,2.982601143653784703e+01,0.000000000000000000e+00,4.362766950122330201e+01,0.000000000000000000e+00,2.390065578029849647e+01,5.080038656937809094e+01,6.539981699086780509e+00,4.672491403150645795e+01,2.421946831066188466e+01,5.709574065875131055e+00,5.764023402861539580e+01,5.055925241277719095e+01,8.581782389851385062e+01,3.210375401713771737e+01,3.841330222869792266e+01,2.946375368008529705e+01,5.213278458765999801e+01,7.408508950534887560e+01,6.250986949548565974e+01,3.818150407151633630e+01,4.535991108392944682e+01,3.670829812676281989e+01,5.609253888015146572e+01,4.857841516427998840e+01,2.118927918686125622e+01,5.539483208809908632e+01,4.215248391747195456e+01,4.708224726340690580e+01,0.000000000000000000e+00,6.763738577671546182e+01,5.408839343777255948e+01,4.439670265223949741e+01,2.809381068910565560e+01,6.523775064311315930e+01,2.784831237057092679e+01,5.207753291861300227e+01,0.000000000000000000e+00,2.582799111823839056e+01,1.270913761052847590e+01,3.436472639165264553e+01,5.287238393834500272e+01,7.783069386316414295e+01,2.289390294018684457e+01,4.459410155864814129e+01,3.750242835350061910e+01,1.984499042782159961e+01,5.327844617565943253e+01,3.857275136934332238e+01,5.694092781364412303e+01,1.114415283569498349e+01,4.072331016057701447e+01,0.000000000000000000e+00,3.313677648827479061e+01,6.308328374273094852e+01,5.625008233172906813e+01,4.909342475782066373e+01,6.636235007475315584e+00,2.700725691039055576e+01,5.352086010102318170e+01,8.537074163218517242e+01,8.600635996250133530e+00,7.587763221437394634e+01,4.894926242352823920e+01,5.308763081000175532e+01,2.356030589229215266e+01,5.528974007700963256e+00,8.253053141367756496e+01,1.628328185847490772e+01,2.031074044209690399e+01,5.118852340315824989e+01,6.358846051740098204e+01,1.488329681913784519e+01,4.752861465757917614e+01,4.782598606738099534e+01,5.516988051545745719e+01,8.774659314263256249e+01,1.583405089030982893e+01,7.606350663363437015e+00,3.013122033631064411e+01,3.995219618745770163e+01,4.088030802365404526e+01,1.949852311106171499e+01,8.305518511559415629e+01,5.690625274498017205e+01,6.869174234099234866e+01,3.631247965845638248e+01,2.990379390327463938e+01,2.944457582989520006e+01,1.116387892665452775e+01,2.877097596075872943e+01,8.975919086408458725e+01,3.400154006914096527e+01,2.446339145086412259e+01,3.907811691754620398e+00,8.702134333888744777e+01,7.458003951965676492e+01,7.735063463088700075e+01,1.069577592578638843e+02,4.372673084665324694e+01,6.909859179558839060e+01,7.325889295904703147e+01,4.912345190790980354e+01,8.122721681054652976e+00,4.222357465530953391e+01,2.470963389095514628e+01,4.657139808740064524e+01,4.967653007795221498e+01,5.424741471018661088e+01,8.668869503385025155e+01,4.810658234249048348e+01,7.570953501093224958e+00,2.215743088195294774e+01,3.964608013561313982e+01,8.258966947678494819e+01,5.992368287732723076e+01,5.616170953108284891e+01,1.858240003948424857e+01,3.501969895198884331e+01,4.268290298298737184e+01,1.653532510938141442e+01,1.003628540481438458e+00,5.444127012656451114e+01,1.276480535058804477e+01,2.402799249746847465e+01,3.499774899513339221e+01,1.817756795038746631e+01,4.559132792313928206e+01,9.804240841598617351e+01,5.264646999841026087e+01,2.927049491179863594e+01,1.920047581552373472e+01,2.938951348924473095e+01,1.244992473665774924e+01,3.857787023719470909e+01,6.209793273851627049e+01,3.609413718133402682e+01,4.161095152883269321e+01,2.154433829991108773e+00,1.685722605896343751e+01,6.559490204692671966e+01,2.609205203321369027e+01,3.805105614189406538e+01,1.810242500991669701e+01,1.141930081676932929e+01,3.373746883724899615e+00,6.314099521197444886e+01,4.143411626588068941e+01,5.417169798046894158e+01,4.268118890475972904e+01,4.450924238241376685e+01,3.749238155246531790e+01,9.022728237394680662e+00,4.839177267152741280e+01,1.903583050621784523e+01,9.031409231591766229e+00,7.145561793417147101e+01,4.275774165415166550e+01,7.166734805541348230e+00,5.265566107213964386e+01,6.322721285415742898e+01,4.679585340201308696e+01,2.863883139109415055e+01,2.582129738139026642e+01,3.748369813802882788e+01,3.987482553018211462e+01,5.395682005911041301e+01,4.347291473900500591e+01,4.487852587589192410e+01,1.426435508719151279e+01,8.153568632836868391e-01,1.582654213559584022e+01,3.336951516471665968e+01,1.659782428815076472e+01,5.436654221926271191e+01,2.867113997734069741e+01,1.516205514538735599e+01,3.924351371581742143e+01,3.617087848146226037e+01,2.533915161547446893e+00,6.553117183777973764e+01,6.070883444857828692e+01,3.766221004016212515e+00,7.842009805203745998e+01,1.090905735115628872e+01,1.806892487203083419e+01,4.172742401080425623e+01,2.218931157204479021e+01,5.663445159186490230e+01,2.647266010078013210e+01,2.953211605965478270e+01
7.771942979591553069e+01,7.327751743948884666e+01,3.122782508355836839e+01,9.504021358782324569e+00,6.774431707862606800e+01,4.755900024099184975e+01,2.547658244683838191e+01,4.226167438033149182e+01,3.561695662547702312e+01,4.404876058904500979e+01,2.516506778422631285e+01,7.694757457237948017e+01,1.331724565470693733e+01,4.303026360330184730e+01,2.580973902718582380e+01,1.087389292603650759e+01,5.403544447509965920e+01,3.730552909856421451e+01,1.657034733831362017e+00,1.858430716128774662e+01,5.851103038582719762e+01,2.209696888608688070e+01,5.648135931491742667e+01,2.223332779401755488e+01,5.190413734443271920e+01,3.199594713374086652e+01,4.763312264829204423e+01,2.360860863631231865e+01,2.695606831496462874e+01,6.946026998094174587e+01,5.862690833508138866e+01,4.620236304322799015e+01,5.661378815368293260e+01,1.069857800115807400e+01,6.275820730663991753e+01,4.157357530474808982e+01,4.726785340907751021e+01,5.214044243991691019e+01,2.273711396565565224e+01,7.308044529598134886e+01,5.446747607114336631e+01,6.797083153832326730e+01,4.380281098138028995e+01,5.513446353642969910e+01,5.786281259476966454e+01,4.239067008975628426e+01,3.050113521934427396e+01,3.026896707666604236e+00,1.426867573707314918e+01,6.462649572630201078e+01,2.623950719414079202e+00,2.633762858679140351e+01,6.243055407117059019e+01,7.099609480742483925e+01,4.978733970415592580e+01,3.299852654777745187e+01,4.476864178533489280e+01,5.814024788545751932e+01,2.219351097243750814e+01,6.059938208438035190e+01,1.406819280717989784e+01,5.223039403438258432e+01,1.333535927388439468e+01,3.931859717256024567e+01,5.697716522313089627e+01,3.871519034175066309e+01,1.132356433006239982e+01,4.347980336943160751e+01,3.958632536473829333e+01,2.929861720275352610e+01,3.561444967158005426e+01,7.084830902240746298e+01,1.175480915601646181e+01,6.067440480109857504e+01,1.464172421189268292e+01,6.214300442964235316e+01,7.076351813026356297e+01,9.486782011728301711e+00,6.825846124848197860e+01,3.815856604643140315e+01,4.508377052866312340e+01,2.002498603732948368e+01,3.383883372042703996e+01,3.557968746058784859e+01,5.232769507898604644e+01,6.146663104617424978e+01,3.705942507413716669e+01,7.084245141048445760e+01,3.167382590429347289e+01,2.369910683977936827e+01,5.890898820422310678e+01,3.193955529209197408e+01,3.491866402243410761e+01,5.865762576044679122e+01,1.629748605884956802e+01,3.725353211033846179e+01,2.884178422998371971e+01,3.315715647557681933e+01,0.000000000000000000e+00,2.199043419344993922e+01,4.886161199963547119e+01,8.457582028722628209e+00,5.847742341799231269e+01,4.027069369609641569e+01,5.996125519375488011e+01,5.563156941200744399e+01,2.515359990856137529e+01,3.851549163571563383e+01,5.246207713912065174e+01,3.396831353279976895e+01,2.568335625188288773e+01,1.716172774776045173e+01,4.078129957962582353e+01,5.460691854654493227e+01,4.434442303037771183e+01,6.062887051781643066e+01,6.687923503538684145e-02,6.339113450989113829e+01,2.811990561774666020e+01,4.800948376062267897e+01,6.964578176739564697e+01,1.295361330216684337e+01,1.533946498532442693e+00,3.184947489357028161e+01,4.001912647052588312e+01,5.095225718175123575e+01,4.668089438176048134e+01,6.890286426367077866e+01,5.908774112485974683e+01,7.871638446825751600e+01,3.051560159266419348e+01,6.662893087111147850e+01,5.986196456160353563e+01,2.582862541760169606e+01,6.710459016145023270e+00,6.854421879661127548e+01,2.641925650015842564e+01,5.852130654784430419e+01,3.915444172467076811e+01,5.739249900043276398e+01,2.216591122118908785e+01,4.475456280637198603e+01,0.000000000000000000e+00,4.471007677949784664e+01,4.374350123162749782e+01,7.957173282038345974e+01,4.211422870811437491e+01,3.007527755982886575e+01,2.293942107540983599e+01,3.881182239961858471e+01,8.339923564504199760e+01,3.954682670158132396e+01,4.445054985655866631e+01,7.989226567802167267e+01,6.690085469328228385e+01,2.467761473985863674e+01,2.122779628039224775e+01,0.000000000000000000e+00,5.325214597351299517e+01,6.479963587217297061e+01,4.092311102787027721e+01,1.191724161736310705e+01,2.105311826780447504e+01,6.635490243270488975e+01,4.700578382429056035e+01,2.289851647220754316e+01,2.728918670095013965e+01,6.929559190480904363e+01,7.590235906915631858e+01,1.705074767258485391e+00,7.360857434556962176e+01,5.177879715389921955e+01,4.257726108645501029e+01,4.917524861765147648e+01,2.738409074299649859e+01,2.445494131708098706e+00,4.806286773318290528e+01,3.790961753784621635e+01,4.400773467676061301e+01,2.596898634478927193e+01,5.318301973009537420e+01,0.000000000000000000e+00,7.875054729672626763e+00,3.632161599506869720e+01,2.802389771859432344e+01,1.509928560581251844e+01,8.163541485791363073e+01,3.308840526802850235e+01,7.893882378728724802e+01,5.968124333412479388e+01,6.702464701277777692e+01,4.238623729416745789e+01,0.000000000000000000e+00,3.704622662088506502e+01,4.070104169896239910e+01,4.441087301721707803e+01,7.577876911694949591e-01,3.313962964335586037e+01,3.294860724910613214e+01,1.114089976549540317e+01,4.068389446380357555e+01,7.125981035704909061e+01,2.183953082232640597e+01,3.858582279740997478e+01,1.970487512697071963e+01,2.357132307610611477e+01,4.992867189358948821e+01,4.099240723034152012e+01,8.040257489451734330e+01,3.954412006546093750e+01,3.588265091327267697e+01,5.224767931692709055e+01,3.317984797138888808e+01,4.400890805923275906e+01,3.206093753189629325e+01,1.433076401449488202e+01,1.200063241349740828e+01,3.982701574363170494e+01,3.065301561125444962e+01,3.483026745997311480e+01,8.112691711320557886e+00,5.875788241117484034e+01,1.867012819707166216e+01,6.212765684264990540e+01,3.647904482393815329e+01,6.240999920350501107e+00,6.015281555809382041e+01,6.028181533190964103e+01,4.244042031772420387e+01,3.296655646326447453e+01,5.091214804027941021e+00,1.589348781769919761e+01,4.707598736014283958e+01,5.838292509289889409e+01,4.980874361095459335e+01,5.329568362444501162e+01,5.025560814866832260e+01,6.499987446474592900e+01,1.665374414972587402e+01,2.501259876452030895e+01,3.332814755584440292e+01,4.189989479858817312e+00,4.176979704778832314e+01,5.081922059174110018e+01,4.151332845359949886e+01,7.453297967312863648e+01,6.442797201892916803e+01,1.904343934474475475e+01,6.429324301322404622e+00,4.064861270115462588e+01
7.990527841440595580e+01,5.924454514516290260e+01,4.785878962234210121e+01,9.195133719978801423e+01,5.109599426663492494e+01,6.946757895986952747e+01,6.332513290034390252e+01,1.984088307964850806e+00,6.651307656185109352e+01,3.676522103017197196e+01,5.402374585752487945e+01,6.368342544166435459e+01,6.568719938675486958e+01,7.774904839436271686e+01,6.106637846520084878e+01,6.763150220847607841e+01,7.350625432891000344e+01,2.122690568046187209e+01,4.253603469514218460e+01,8.306914546884104311e+01,4.762183896060810895e+01,8.211882612409354465e+01,7.387317508268283461e+01,8.718182162429778259e+01,8.925067037814912396e+01,9.256335279023454632e+01,8.458095131822170742e+01,8.168278824954806794e+01,3.203795394441969790e+01,5.916548413770659209e+01,4.983277170592229766e+01,6.191185771810514638e+01,6.011636061719575963e+01,6.128164864373780318e+01,6.784358511366382061e+01,9.688773754513162828e+01,6.882421698536097665e+01,5.355663348572422677e+01,5.933111793492304287e+01,7.530895540202077143e+01,6.382782417003502928e+01,8.002769965376685946e+01,6.303463986620572967e+01,7.835301391627812961e+01,8.024017747231518172e+01,5.965623593574966321e+01,4.830317172098177991e+01,6.179068117122384507e+01,2.070507807956011348e+01,7.921215293127666257e+01,5.465632902342629507e+01,5.628078627277217549e+01,7.664690375225218588e+01,5.866419953632710360e+01,6.739811228254428954e+01,1.194988010237388210e+02,3.750021248497375836e+01,5.897723676221659872e+01,4.979352352306811724e+01,1.011100624449836545e+02,7.548636055243940746e+01,4.787071437045489830e+01,2.401427632166390325e+01,3.148731022326408180e+01,6.052126496330173921e+01,6.540736253805087586e+01,5.288370429486109714e+01,4.443326780677035259e+01,6.580415012824835230e+01,5.711924354724730790e+01,7.436239886867053883e+01,6.813784691402032934e+01,4.195932467677526745e+01,5.240094276008082375e+01,5.080694172964506095e+01,5.470696155784401782e+01,8.047715744670159665e+01,1.156907458154020816e+02,4.230832865579513680e+01,8.551489713645625557e+01,6.258044941210206957e+01,6.665612785697159381e+01,5.127557966265484879e+01,8.017562946649557887e+01,6.115637070063007030e+01,6.301444908886128360e+01,1.785961706763765378e+01,3.576324309480335728e+01,6.894139557700087551e+01,8.032521164997947949e+01,7.166791784655804065e+01,5.143754483153004031e+01,1.066910103061325827e+02,5.097719639800257596e+01,8.849855320401832159e+01,3.313936314083916557e+01,7.863876002140592902e+01,5.501004532158597726e+01,2.477042531479069964e+01,7.114812383144645480e+01,7.400588108831280465e+01,4.497406915664039673e+01,4.295515313445766736e+01,6.043258746582797158e+01,3.985911742511216005e+01,9.062266245214085814e+01,4.901287204647388762e+01,7.080836780863225499e+01,5.806804811325240934e+01,5.625939648233170232e+01,8.473894991404348787e+01,5.786510301782904975e+01,3.643536866034461497e+01,5.325107876373949978e+01,5.273636288470106592e+01,3.604189207247468119e+01,6.814932016577752449e+01,4.700654857174889401e+01,5.780664607267446797e+01,3.121046858127461832e+01,4.368542639254653182e+01,6.797396163116005141e+01,6.715996900946724679e+01,7.135790765232863464e+01,8.325318207581432262e+01,8.296019772346394916e+01,6.727597164702891064e+01,2.189726139811760675e+01,6.098063305578061488e+01,2.576893749523835453e+01,7.630304014464446993e+01,5.077853734901894711e+01,5.672710758244264184e+01,5.481440620155181875e+01,4.045603179712246344e+01,6.118003656224604470e+01,5.535026020441510042e+01,4.169244291671429892e+01,4.919163578885941490e+01,4.985407726471268575e+01,1.038708705911965069e+02,4.354519744105409984e+01,4.186595565912006123e+01,7.936989134545277125e+01,3.039914444212181266e+01,1.240502810930741795e+01,4.664286954121381967e+01,6.560425958638265342e+01,3.817399229211739708e+01,5.184433173990352373e+01,7.436419495881750663e+01,2.014197020366287916e+01,6.545351632346088877e+01,6.615505066770693077e+01,5.609154149041889781e+01,2.159399184171299879e+01,4.473473573489690835e+01,5.189051899139113999e+01,6.702938348916352140e+01,6.050474385456385562e+01,1.045002105519086086e+02,3.665462772302328176e+01,6.147607533258746315e+01,3.753099282651865565e+01,5.819242288319828305e+01,4.227245341828709257e+01,7.093380092188435526e+01,8.349427367865122562e+01,6.849493695281658745e+01,9.492286710843981723e+01,8.445301936558563227e+01,1.933037748439392800e+01,2.333156481523862880e+01,6.895402427779484356e+01,6.512204361369163053e+01,6.816019132559995342e+01,8.029326445091166420e+01,7.011107974126005615e+01,8.011755700790146761e+01,6.653418502459695105e+01,9.515276230141245151e+01,8.370979372688064757e+01,7.036718554309966578e+01,6.740979552330227875e+01,5.074649773341388936e+01,6.388627232537785261e+01,4.311989597472798863e+01,9.947917941359273186e+01,5.859516367663522374e+01,5.817588169626377947e+01,6.024230641810089537e+01,5.705584440623895404e+01,3.472937620403106251e+01,5.481368076871942208e+01,3.895440734051411624e+01,5.475222967838633537e+01,4.248101679353896287e+01,5.260106925643329134e+01,7.508484563595513350e+01,9.658161920709942194e+01,6.594996722120953336e+01,4.763630590598500447e+01,6.264603878108803769e+01,2.937315787787559884e+01,3.763527161838477042e+01,4.918743900599714181e+01,6.230520548189142005e+01,2.816819277718931147e+01,5.889933154815052774e+01,6.858232567481458375e+01,3.251316296177775200e+01,1.159098416737337089e+01,5.842089747002609101e+01,7.294894209036951338e+01,2.350269774099378139e+01,4.445142743058838875e+01,3.800781420480780071e+01,4.071300812445268491e+01,5.064920281320581807e+01,7.307839135408261200e+01,4.431657992114108424e+01,1.028947164967365495e+02,3.444455068169072121e+01,2.552582687451151600e+01,6.404761526467412125e+01,2.555973289957776728e+01,6.080462864051121841e+01,4.223713966915612161e+01,3.922633152964466774e+01,1.642559152449184978e+01,6.611834302958997966e+01,6.040014590122382288e+01,2.716798012680939323e+01,4.119996725286524253e+01,9.366531466687227692e+01,4.084239495872979830e+01,7.163420219513882614e+01,6.939598501091606408e+01,4.510423986883878200e+01,8.679815543297844727e+01,6.749916637193729230e+01,5.132171125536817158e+01,5.605382919718599055e+01,2.512397480420848339e+01,2.391411623251419982e+01,3.474956340050938053e+01,3.994114588188942605e+01,4.869179891685242723e+01,2.261645696634433378e+01,6.632174205850130022e+01
6.931471805599452862e-01,-2.014907257190367840e-01,6.931471805599452862e-01,6.745576638227207544e-01,1.081968848964610930e-01,2.724483877016172784e-01,1.041417966828977471e-01,-3.522031560357530289e-02,2.023382982710964506e-01,8.155538851252787380e-02,1.805625538431074040e-01,3.739955954146726991e-01,4.514642340971402046e-01,6.473598833546880815e-01,6.931471805599452862e-01,6.931471805599452862e-01,3.816617645799631475e-01,6.931471805599452862e-01,5.289137403949559779e-01,3.380461544462419199e-01,-4.221276123926301360e-01,2.004790626470882298e-01,6.931471805599452862e-01,-5.981845335967454769e-03,3.046826416372001023e-01,3.779785894464915419e-01,4.695330886369147305e-01,2.117711522421921178e-01,6.619721167803823692e-01,6.931471805599452862e-01,7.883549753335658550e-02,3.056753617407411694e-01,-4.554861508224049560e-01,1.417124190469602751e-01,5.173412876514773551e-01,6.931471805599452862e-01,4.995138041544582297e-01,6.931471805599452862e-01,1.609056749231424777e-01,6.931471805599452862e-01,5.551288713834213739e-01,3.698067021541006083e-01,2.750383622176415521e-01,-1.144530617768360486e-01,4.645313127220030425e-01,6.931471805599452862e-01,5.805931358297586886e-01,1.134929165758000180e-02,6.591672004306566857e-01,6.311646183313762704e-01,6.931471805599452862e-01,6.931471805599452862e-01,2.625599914676248758e-01,5.896596989388741550e-01,5.198447848529292870e-01,6.931471805599452862e-01,1.911709346446426872e-01,6.931471805599452862e-01,6.931471805599452862e-01,6.931471805599452862e-01,5.902791767508048792e-01,4.748205728638312251e-01,-2.202982252125153806e-01,5.767133118689868332e-02,6.209439886749709148e-01,6.931471805599452862e-01,6.931471805599452862e-01,-1.656517593909057062e-02,6.404951266304256263e-01,6.931471805599452862e-01,3.602351568723087261e-01,4.880020225405965473e-01,5.014372706141018154e-01,-3.361922292262222722e-01,-2.427917043219776638e-01,5.531778703548975162e-01,6.931471805599452862e-01,6.931471805599452862e-01,6.931471805599452862e-01,6.931471805599452862e-01,6.931471805599452862e-01,6.931471805599452862e-01,6.931471805599452862e-01,6.931471805599452862e-01,6.257540268954501217e-01,2.840512472172281866e-01,4.391373082233810954e-01,6.931471805599452862e-01,6.662971077733965686e-01,6.931471805599452862e-01,1.679247094236148152e-01,-2.483638883204432601e-01,6.120944731784038195e-01,6.931471805599452862e-01,1.540368529113000373e-01,6.931471805599452862e-01,6.931471805599452862e-01,6.931471805599452862e-01,-3.307674499446742189e-01,6.525403525895374646e-01,-2.683975062402944589e-01,2.886650090142677816e-01,6.101752835423497334e-01,3.680105085024530931e-01,-1.449044426858168699e-01,8.122895174626139358e-02,-1.448670226205713285e-01,6.931471805599452862e-01,6.931471805599452862e-01,6.931471805599452862e-01,6.931471805599452862e-01,4.301812593899596582e-01,6.931471805599452862e-01,5.509794660485338724e-01,6.931471805599452862e-01,6.931471805599452862e-01,4.362026461515250420e-01,6.931471805599452862e-01,6.931471805599452862e-01,6.143726657064585428e-03,6.931471805599452862e-01,6.931471805599452862e-01,3.502985667322742191e-01,6.931471805599452862e-01,5.020720586707707600e-01,1.801470373696295035e-01,1.360780316383291000e-01,3.526882154380195367e-02,6.931471805599452862e-01,3.514634525510930141e-01,6.931471805599452862e-01,6.180578882331949631e-01,2.186882950540093851e-01,6.931471805599452862e-01,-2.460595976081553504e-01,8.289439785816904438e-02,6.931471805599452862e-01,-1.666818642038434550e-01,8.536308410433285365e-02,2.054373554955599424e-01,-1.888711129168763048e-02,4.204661689828821935e-01,6.931471805599452862e-01,6.931471805599452862e-01,6.469598293904479380e-01,5.035521692845530417e-01,6.931471805599452862e-01,6.931471805599452862e-01,-2.226543382146480010e-02,3.674361096819671602e-01,-2.487401556936336411e-01,6.931471805599452862e-01,-1.862660264615095262e-01,5.934698365953209320e-01,6.547524053626969653e-01,-6.112894416023700872e-02,6.931471805599452862e-01,4.394238585085258886e-01,6.039470203374929236e-01,6.931471805599452862e-01,6.931471805599452862e-01,6.931471805599452862e-01,2.649012060354673515e-01,6.731844985154713523e-01,6.931471805599452862e-01,6.080394329128292474e-01,6.931471805599452862e-01,-3.505046657866883741e-01,5.037547806860513955e-01,5.156587394201553876e-01,5.130973437346659782e-01,6.008308852446464510e-01,-4.350799900311446700e-01,-4.586720613566219185e-01,4.081926045206659553e-02,5.894774885812502641e-01,-5.708203039025516734e-02,6.931471805599452862e-01,6.931471805599452862e-01,-3.302782494371508948e-02,6.931471805599452862e-01,6.931471805599452862e-01,6.931471805599452862e-01,6.760298672941409404e-01,6.931471805599452862e-01,6.931471805599452862e-01,6.374929385798305814e-01,6.791890994604480314e-01,6.931471805599452862e-01,6.651893104433067583e-01,6.931471805599452862e-01,6.931471805599452862e-01,6.931471805599452862e-01,2.560077456337440938e-02,6.931471805599452862e-01,-2.028939567202368288e-01,9.715715569886931857e-02,6.931471805599452862e-01,-5.387946364470106442e-01,6.931471805599452862e-01,6.931471805599452862e-01,-3.414286229107961201e-01,6.931471805599452862e-01,2.218645367399256774e-01,6.931471805599452862e-01,6.931471805599452862e-01,2.984920853078760206e-01,4.107377443009752604e-01,4.737516942341731818e-01,6.931471805599452862e-01,-2.641816538399992531e-01,6.591873223531075077e-01,6.931471805599452862e-01,-2.594103840926639259e-01,-7.230570713927339521e-02,6.931471805599452862e-01,6.931471805599452862e-01,-2.310369664799577782e-01,1.535677639076581946e-01,6.931471805599452862e-01,2.534993433182511913e-01,-2.785844865683384519e-02,6.931471805599452862e-01,-1.822909271532132391e-01,6.931471805599452862e-01,-3.655386123570202039e-02,-7.218055056586093754e-02,6.931471805599452862e-01,-3.888704588488769431e-01,6.931471805599452862e-01,6.931471805599452862e-01,-1.510593177405336052e-01,6.917452073677536895e-01,6.931471805599452862e-01,3.847363457949122822e-01,6.149411643947350070e-01,6.187800998595882618e-01,-4.223476555157548717e-02,-3.571414144334950080e-01,2.066374318968894341e-02,6.725895050761144800e-01,6.931471805599452862e-01,5.392378331520026880e-01,6.931471805599452862e-01,6.931471805599452862e-01,5.214287712275539333e-01,6.931471805599452862e-01,5.378950039030414576e-01,6.931471805599452862e-01,-3.941573891501947147e-01
-3.535731930838956760e+00,1.115196107903807965e+00,-4.382026634673882093e+00,-3.111658082501642220e+00,-2.540004059722915208e+00,-3.409725731457964315e+00,-3.272515448902662882e+00,-3.365290739583078672e+00,-2.067511491889374664e+00,-2.204876237153601704e+00,-1.255735689643264097e+00,-1.614116908459413802e+00,-4.250884513745782023e+00,-3.826241615743029012e+00,-4.011892998180884184e+00,-3.469560383209637333e+00,-2.757119506177377666e+00,-4.303161967468123628e+00,-2.071426248857610286e+00,-4.097479068708002714e+00,-3.446595591783267132e+00,-2.481547168042098406e+00,-3.550387841730263894e+00,-2.678435659525216561e+00,-4.103220101993335867e+00,-2.912769785613009699e+00,-3.429479551406702242e+00,-1.642790948417716113e+00,-4.078980335819315961e+00,-3.121655195592364151e+00,-3.300337993681824234e+00,-3.041649446784681299e+00,-3.989307248133779460e+00,-2.584707216951678710e+00,-3.694058874307672991e+00,-3.683413558969661050e+00,-3.703178538755364624e+00,-4.084841408561381115e+00,-3.457822148882713442e+00,-4.090655115238847728e+00,-4.134569334999279810e+00,-3.367418415489865424e+00,-2.902024993983458589e+00,-3.518966441765420505e+00,-3.999739988156200798e+00,-3.596677318961682523e+00,-2.053058086182883102e+00,-2.921099263664832080e+00,-2.765864889363539358e+00,-3.038958612463187325e+00,-4.382026634673882093e+00,-3.496589664131042330e+00,7.901029446671679057e-01,-4.333611186125403414e+00,-2.607246708983674832e+00,-3.260932792743465924e+00,-2.837714963936085688e+00,-3.266787328443801375e+00,-3.725123687970066211e+00,-3.903639935854989140e+00,-2.576057242245700873e+00,-3.308390844254369689e+00,-1.592708261411740767e-01,-2.727384242132337100e+00,-4.382026634673882093e+00,-3.600125366219296907e+00,-3.430972181313119762e+00,-1.866317781477386584e+00,-2.808037963927816349e+00,-3.971722893405288612e+00,-2.231561424568699437e+00,-3.109090167571439522e+00,-2.395771090734740483e+00,-3.759995148447857538e+00,-2.832821131502929468e+00,-3.056669840232360880e+00,-3.632618628274913775e+00,-4.240801368684921080e+00,-3.585422988635219355e+00,-4.382026634673882093e+00,-3.620686095028403884e+00,-3.633768109100368182e+00,-3.132943747753493824e+00,-3.976454085725588783e+00,-2.341463157602425404e+00,-3.940462072788427417e+00,-2.997996734055107027e+00,-3.323141832545470464e+00,-3.668858007186510228e+00,-3.674435170398585804e+00,-2.750028724207437048e+00,-3.865250334425713419e+00,-3.853239052640628604e+00,-4.067303198671221587e+00,-3.306218856399853134e+00,-2.905196478573394803e+00,-4.130297125756825061e+00,-3.571288949956914482e+00,-1.286808512642757751e+00,-3.928543681521604825e+00,-3.132830752001948937e+00,-3.864730038584993199e+00,-3.973743337252969798e+00,-2.924185877354006369e+00,-2.667300395260398638e+00,-3.140985243229340362e+00,-2.260741586887752508e+00,-3.735852956059124708e+00,-4.070091488053463102e+00,-4.382026634673882093e+00,-3.404427648684502650e+00,-3.415539073973169470e-01,-4.382026634673882093e+00,-2.420009181778558727e+00,-2.896207707770773077e+00,-3.253074875599591742e+00,-2.384110315137033975e+00,-3.057831865675307181e+00,-3.813635494258023506e+00,-3.069191149642811034e+00,-3.148824922387161607e+00,-4.382026634673882093e+00,-3.570319721413473424e+00,-3.820099135044115801e+00,-3.975843166907798931e+00,-3.501321394718070579e+00,-3.360612714357765984e+00,-4.382026634673882093e+00,-4.084770611009524544e+00,-3.130410705599759424e+00,-3.544304950819620270e+00,-3.132904496369498748e+00,-2.623403276689704633e+00,-3.449305542290770354e+00,-3.855939907017037260e+00,-2.738441081231941965e+00,-3.528514127007940537e+00,-3.011369645548228835e+00,-3.550905575473520148e+00,-3.938660946736558532e+00,-3.954762988602538609e+00,-2.919605427682068655e+00,-3.617276872727400505e+00,-2.387408501626307356e+00,-4.090994373778982229e+00,-2.292712085374996711e+00,-3.798125052753739350e+00,-3.730389977139175972e+00,-2.543703885814682764e+00,-2.340293656693235302e+00,-2.829000150814114267e+00,-3.896832385103533802e+00,-2.518305834441873170e+00,-1.808510611997807604e+00,-3.380143779901174206e+00,-4.111292237869131228e+00,-3.628678380207524423e+00,-2.679412995267526298e+00,-3.772478493839899638e+00,-4.089653504428873987e+00,-3.317104875223704230e+00,-3.771600674299955269e+00,-2.053912133191772238e+00,-3.973133966914933257e+00,-2.917399113964269652e+00,-3.794420017671499501e+00,-3.758690686687520266e+00,-3.362435410462099483e+00,-2.935018612859204179e+00,-3.714091367554436030e+00,-3.152106965612806455e+00,-3.535017055949944975e+00,-7.440464029997091444e-01,-1.299035145796723301e+00,-2.659677502042858244e+00,-3.412391073741774861e+00,-1.516520186032066508e+00,-4.132777285802907485e+00,-4.091696150706181534e+00,-2.051256087708826392e+00,-4.306106582045774900e+00,-2.909310491740304094e+00,-3.370762238373781194e+00,-2.801948263473247547e+00,-3.601635578661165127e+00,-4.145321461929237117e+00,-4.347221196589740266e+00,-3.042383513099571779e+00,-4.334172922722169474e+00,-3.698479337043065751e+00,-4.382026634673882093e+00,-4.382026634673882093e+00,-3.084643311073387739e+00,-3.314076342275751763e+00,-3.380509301412971013e+00,-3.429490554358749499e+00,-4.355455006104403282e+00,-3.723535521049692321e+00,-2.603577110571895670e+00,-4.380132098080387060e+00,-4.382026634673882093e+00,-4.142147567040177059e+00,-3.623779746377705280e+00,-4.155952396669614579e+00,-4.155987441626209922e+00,-2.727152165673431217e+00,-2.188355060385341222e+00,-2.542666457022846771e+00,-3.293470820425411283e+00,-4.230277487403126813e+00,-3.441590773537527959e+00,-3.638095188621677245e+00,-4.112956498547343465e+00,-2.737289010899269126e+00,-3.433853160704475549e+00,-4.162023188449820665e+00,-3.637432949393796022e+00,-2.989860221422435682e+00,-2.797627989580622643e+00,-3.691472831416345635e+00,-3.394695134979315743e+00,-2.291425676705761472e+00,-4.261024750243420200e+00,-2.547415113036776368e+00,-3.092171754086756597e+00,-2.825307407491531198e+00,-3.210937906259359931e+00,-3.675521539955851402e+00,-4.871900749668193753e-01,-3.035894075779678403e+00,-3.362360353248756706e+00,-2.121091555229054126e+00,-3.422149907409223868e+00,-4.382026634673882093e+00,-3.865342681810752801e+00,-2.555096497794790977e+00,-4.382026634673882093e+00,-2.943157502142869308e+00,-2.793957023075110069e+00,-3.317628304265396011e+00,-3.626909144953128106e+00,-2.422865578090188876e+00,-3.432906217748092903e+00,-3.992788445006413500e+00,-3.502937000404412693e+00,-3.137498356394111454e+00,-3.136339404521398144e+00,-3.728297050999930917e+00,-4.382026634673882093e+00,-2.757553783319206975e+00
